wavelength_nm,diameter_mm,myopia_d,d50_arcmin,log_mar,mtf50_cpd,first_dark_ring_arcmin,theory_airy_radius_arcmin,theory_geometric_diameter_arcmin,angular_pixel_arcmin,retinal_pixel_m,retinal_window_mm,psf_total
450.0,0.3,0.0,4.571742047636331,0.0580217267976121,0.22022122640558167,6.387631640975235,6.291076590536441,0.0,0.6445775195221762,4.687500000000001e-06,9.600000000000003,1.00000000028744
450.0,0.3,0.5,4.574057380017388,0.05824161705571374,0.22026150981060863,6.387695357928856,6.291076590536441,0.5156620156177409,0.6445775195221762,4.687500000000001e-06,9.600000000000003,0.9999999996243532
450.0,0.3,1.0,4.581011079412274,0.058901350813062234,0.22038257842426448,6.387887232514711,6.291076590536441,1.0313240312354819,0.6445775195221762,4.687500000000001e-06,9.600000000000003,1.0000000050307294
450.0,0.3,1.5,4.592627259291071,0.06000120788878437,0.2205851431706663,6.388209181384765,6.291076590536441,1.5469860468532226,0.6445775195221762,4.687500000000001e-06,9.600000000000003,0.9999999911774058
450.0,0.3,2.0,4.608945504145557,0.06154158175885114,0.22087037787948083,6.388664668285785,6.291076590536441,2.0626480624709638,0.6445775195221762,4.687500000000001e-06,9.600000000000003,1.0000000011497334
450.0,0.3,2.5,4.630022025491652,0.06352306567848608,0.22123995904024388,6.38925834990426,6.291076590536441,2.578310078088705,0.6445775195221762,4.687500000000001e-06,9.600000000000003,1.0000000003168772
450.0,0.3,3.0,4.655929530302673,0.0659464071110568,0.22169605302414602,6.389996943018373,6.291076590536441,3.093972093706445,0.6445775195221762,4.687500000000001e-06,9.600000000000003,1.0000000056780456
450.0,0.3,3.5,4.6867583204526415,0.06881256773951243,0.22224137726732096,6.390888303064392,6.291076590536441,3.609634109324187,0.6445775195221762,4.687500000000001e-06,9.600000000000003,1.000000002859935
450.0,0.3,4.0,4.722615933070662,0.07212263666873707,0.22287921662063592,6.391942911000337,6.291076590536441,4.1252961249419275,0.6445775195221762,4.687500000000001e-06,9.600000000000003,0.9999999985171125
450.0,0.3,4.5,4.7636288139326854,0.0758779222004075,0.22361346939466042,6.3931734142630665,6.291076590536441,4.640958140559668,0.6445775195221762,4.687500000000001e-06,9.600000000000003,1.0000000008630403
450.0,0.3,5.0,4.809942729154039,0.08007991403538098,0.22444869058688602,6.3945949151273185,6.291076590536441,5.15662015617741,0.6445775195221762,4.687500000000001e-06,9.600000000000003,0.9999999985999689
450.0,0.3,5.5,4.8617238601815576,0.08473029649791851,0.22539015357889708,6.396225956363211,6.291076590536441,5.672282171795151,0.6445775195221762,4.687500000000001e-06,9.600000000000003,1.0000000009658492
450.0,0.3,6.0,4.9191599257321,0.08983095071377133,0.22644389400096113,6.398089147116738,6.291076590536441,6.18794418741289,0.6445775195221762,4.687500000000001e-06,9.600000000000003,1.0000000060970788
550.0,0.3,0.0,5.587684724888848,0.14517190251651219,0.1801810034227487,7.807105338969731,7.6890936106556484,0.0,0.787816968304882,5.729166666666668e-06,11.733333333333334,1.00000000028744
550.0,0.3,0.5,5.5895789540651135,0.14531910371176304,0.18020305299256723,7.807157414511007,7.6890936106556484,0.5156620156177409,0.787816968304882,5.729166666666668e-06,11.733333333333334,0.999999999941042
550.0,0.3,1.0,5.595265794056446,0.14576073048372856,0.18026932333274295,7.807314217964549,7.6890936106556484,1.0313240312354819,0.787816968304882,5.729166666666668e-06,11.733333333333334,0.9999999934510871
550.0,0.3,1.5,5.604758169604511,0.14649688735645108,0.18038003331870253,7.80757665319598,7.6890936106556484,1.5469860468532226,0.787816968304882,5.729166666666668e-06,11.733333333333334,0.9999999990635562
550.0,0.3,2.0,5.61807802300086,0.14752777499424324,0.18053564859070662,7.807946616676122,7.6890936106556484,2.0626480624709638,0.787816968304882,5.729166666666668e-06,11.733333333333334,1.0000000045442283
550.0,0.3,2.5,5.635255879247315,0.1488536494485093,0.18073674314057347,7.8084267659210544,7.6890936106556484,2.578310078088705,0.787816968304882,5.729166666666668e-06,11.733333333333334,1.0000000006267742
550.0,0.3,3.0,5.656331308952527,0.1504748481871695,0.18098413141748834,7.8090204241702965,7.6890936106556484,3.093972093706445,0.787816968304882,5.729166666666668e-06,11.733333333333334,1.0000000025129847
550.0,0.3,3.5,5.681353249440638,0.15239180191220528,0.18127876232239853,7.809732049288661,7.6890936106556484,3.609634109324187,0.787816968304882,5.729166666666668e-06,11.733333333333334,1.0000000023619664
550.0,0.3,4.0,5.7103796205486,0.15460498935733383,0.18162183583440844,7.810566629565285,7.6890936106556484,4.1252961249419275,0.787816968304882,5.729166666666668e-06,11.733333333333334,1.0000000004468745
550.0,0.3,4.5,5.7434781013733565,0.1571149782086278,0.18201471297558092,7.811530662451925,7.6890936106556484,4.640958140559668,0.787816968304882,5.729166666666668e-06,11.733333333333334,0.999999992258365
550.0,0.3,5.0,5.780726517546596,0.15992243234054898,0.1824589901028234,7.812631518427799,7.6890936106556484,5.15662015617741,0.787816968304882,5.729166666666668e-06,11.733333333333334,1.000000002229133
550.0,0.3,5.5,5.822212994806615,0.16302809791930764,0.18295647495926765,7.8138786174326365,7.6890936106556484,5.672282171795151,0.787816968304882,5.729166666666668e-06,11.733333333333334,1.0000000008630403
550.0,0.3,6.0,5.868036204803768,0.16643279337600062,0.18350926635824474,7.815281826439041,7.6890936106556484,6.18794418741289,0.787816968304882,5.729166666666668e-06,11.733333333333334,1.0000000007062044
650.0,0.3,0.0,6.603627402141366,0.21772256966512393,0.15246084905001814,9.226579036964228,9.087110630774857,0.0,0.9310564170875878,6.770833333333334e-06,13.866666666666667,1.00000000028744
650.0,0.3,0.5,6.605230118704104,0.21782796121190526,0.15247421612538983,9.226623089153456,9.087110630774857,0.5156620156177409,0.9310564170875878,6.770833333333334e-06,13.866666666666667,1.0000000007882246
650.0,0.3,1.0,6.610040795540578,0.21814414852431716,0.15251433323959018,9.226755683712849,9.087110630774857,1.0313240312354819,0.9310564170875878,6.770833333333334e-06,13.866666666666667,0.9999999986178215
650.0,0.3,1.5,6.618067280445505,0.2186711866330276,0.15258133072097202,9.226977275597507,9.087110630774857,1.5469860468532226,0.9310564170875878,6.770833333333334e-06,13.866666666666667,1.0000000038670738
650.0,0.3,2.0,6.6293224472285885,0.21940915208938028,0.15267538635767314,9.227289058927274,9.087110630774857,2.0626480624709638,0.9310564170875878,6.770833333333334e-06,13.866666666666667,0.9999999960857245
650.0,0.3,2.5,6.643825516352405,0.2203582269305673,0.15279675803726198,9.227692613390754,9.087110630774857,2.578310078088705,0.9310564170875878,6.770833333333334e-06,13.866666666666667,1.0000000007079233
650.0,0.3,3.0,6.661599727255485,0.22151854254104922,0.15294578681176432,9.22818997610128,9.087110630774857,3.093972093706445,0.9310564170875878,6.770833333333334e-06,13.866666666666667,1.0000000022789395
650.0,0.3,3.5,6.68267447956474,0.22289031534834045,0.15312290371480192,9.228783485730833,9.087110630774857,3.609634109324187,0.9310564170875878,6.770833333333334e-06,13.866666666666667,1.0000000028567508
650.0,0.3,4.0,6.7070851340157125,0.2244738276112566,0.15332859651807912,9.229476565448268,9.087110630774857,4.1252961249419275,0.9310564170875878,6.770833333333334e-06,13.866666666666667,1.000000000168702
650.0,0.3,4.5,6.734871747119054,0.2262693384936514,0.1535634538973055,9.230272569416975,9.087110630774857,4.640958140559668,0.9310564170875878,6.770833333333334e-06,13.866666666666667,1.000000000225516
650.0,0.3,5.0,6.766080814942714,0.22827718942433498,0.15382813532413628,9.23117594386467,9.087110630774857,5.15662015617741,0.9310564170875878,6.770833333333334e-06,13.866666666666667,0.9999999993778188
650.0,0.3,5.5,6.800764764160766,0.23049776169881284,0.15412341665936322,9.232191740348211,9.087110630774857,5.672282171795151,0.9310564170875878,6.770833333333334e-06,13.866666666666667,0.9999999982325847
650.0,0.3,6.0,6.8389819792766176,0.2329314680402428,0.15445015895354228,9.233325298253284,9.087110630774857,6.18794418741289,0.9310564170875878,6.770833333333334e-06,13.866666666666667,1.000000002604196
450.0,0.3315885423378064,0.0,4.136218352483537,0.014543465928046943,0.24340945151890298,5.779118538843683,5.6917617353564,0.0,0.5831723089504508,4.240948707351234e-06,8.685462952655328,1.00000000028744
450.0,0.3315885423378064,0.5,4.139345195532544,0.0148716540299702,0.24347591084117456,5.779204639025105,5.6917617353564,0.5699587203255395,0.5831723089504508,4.240948707351234e-06,8.685462952655328,0.9999999983959182
450.0,0.3315885423378064,1.0,4.148741622671416,0.0158563971423285,0.24367588067475,5.779464297038529,5.6917617353564,1.139917440651079,0.5831723089504508,4.240948707351234e-06,8.685462952655328,0.9999999981481236
450.0,0.3315885423378064,1.5,4.164455584019946,0.017498243151956784,0.24401108104810873,5.779901408630746,5.6917617353564,1.7098761609766187,0.5831723089504508,4.240948707351234e-06,8.685462952655328,1.000000005407365
450.0,0.3315885423378064,2.0,4.18656780374615,0.019798137909016925,0.24448442876066245,5.780523005019479,5.6917617353564,2.279834881302158,0.5831723089504508,4.240948707351234e-06,8.685462952655328,0.9999999969976978
450.0,0.3315885423378064,2.5,4.21519220562157,0.02275739117673153,0.24510006951436075,5.781339088972687,5.6917617353564,2.8497936016276983,0.5831723089504508,4.240948707351234e-06,8.685462952655328,1.0000000042123076
450.0,0.3315885423378064,3.0,4.250477170216482,0.02637769654806049,0.2458635118158373,5.782363146340157,5.6917617353564,3.4197523219532373,0.5831723089504508,4.240948707351234e-06,8.685462952655328,0.9999999985355774
450.0,0.3315885423378064,3.5,4.292607307121889,0.030661169187206776,0.24678160555930212,5.783612818205469,5.6917617353564,3.9897110422787776,0.5831723089504508,4.240948707351234e-06,8.685462952655328,0.9999999982700728
450.0,0.3315885423378064,4.0,4.341805182525505,0.035610341366598755,0.24786281931049825,5.785111087089549,5.6917617353564,4.559669762604316,0.5831723089504508,4.240948707351234e-06,8.685462952655328,1.0000000013560466
450.0,0.3315885423378064,4.5,4.398333111305761,0.04122812658528674,0.24911722825528662,5.78688655949472,5.6917617353564,5.1296284829298555,0.5831723089504508,4.240948707351234e-06,8.685462952655328,0.9999999980085386
450.0,0.3315885423378064,5.0,4.462497194036966,0.047517964713375126,0.25055691320569423,5.788975447011132,5.6917617353564,5.699587203255397,0.5831723089504508,4.240948707351234e-06,8.685462952655328,0.9999999954202433
450.0,0.3315885423378064,5.5,4.534649133349534,0.05448369800747284,0.2521959998152086,5.791424031707392,5.6917617353564,6.269545923580935,0.5831723089504508,4.240948707351234e-06,8.685462952655328,1.000000003700942
450.0,0.3315885423378064,6.0,4.615191248448127,0.062129711092419465,0.25405107892694667,5.794290988969587,5.6917617353564,6.839504643906475,0.5831723089504508,4.240948707351234e-06,8.685462952655328,0.999999998745766
550.0,0.3315885423378064,0.0,5.055377986368767,0.10169364164694708,0.19915318760637518,7.063367103031168,6.95659767654671,0.0,0.7127661553838842,5.183381753429286e-06,10.615565831023178,1.00000000028744
550.0,0.3315885423378064,0.5,5.057935926010706,0.10191333206788118,0.1991895761484645,7.063437507585,6.95659767654671,0.5699587203255395,0.7127661553838842,5.183381753429286e-06,10.615565831023178,0.9999999977631749
550.0,0.3315885423378064,1.0,5.065618584027339,0.10257249513559295,0.19929896679876294,7.0636494710426065,6.95659767654671,1.139917440651079,0.7127661553838842,5.183381753429286e-06,10.615565831023178,1.0000000044589652
550.0,0.3315885423378064,1.5,5.078451955520133,0.1036713568549117,0.1994819971176342,7.064005212729484,6.95659767654671,1.7098761609766187,0.7127661553838842,5.183381753429286e-06,10.615565831023178,1.0000000008478394
550.0,0.3315885423378064,2.0,5.096480282656294,0.10521035701793202,0.19973971819823608,7.064508300966716,6.95659767654671,2.279834881302158,0.7127661553838842,5.183381753429286e-06,10.615565831023178,1.0000000018585193
550.0,0.3315885423378064,2.5,5.119765471708386,0.10719007576588498,0.20007363762122346,7.065164307211463,6.95659767654671,2.8497936016276983,0.7127661553838842,5.183381753429286e-06,10.615565831023178,0.999999997377407
550.0,0.3315885423378064,3.0,5.148387722823579,0.10961125466314654,0.20048570997752305,7.0659801761840315,6.95659767654671,3.4197523219532373,0.7127661553838842,5.183381753429286e-06,10.615565831023178,1.0000000002636125
550.0,0.3315885423378064,3.5,5.182446615431647,0.11247484577795207,0.20097840671355047,7.066964913744005,6.95659767654671,3.9897110422787776,0.7127661553838842,5.183381753429286e-06,10.615565831023178,0.999999995480766
550.0,0.3315885423378064,4.0,5.222061079995376,0.11578195592721498,0.20155468489831457,7.06812999853438,6.95659767654671,4.559669762604316,0.7127661553838842,5.183381753429286e-06,10.615565831023178,0.999999997539017
550.0,0.3315885423378064,4.5,5.267370398782428,0.11953386746834663,0.20221805715216365,7.069489140781835,6.95659767654671,5.1296284829298555,0.7127661553838842,5.183381753429286e-06,10.615565831023178,1.0000000020405735
550.0,0.3315885423378064,5.0,5.318535863513132,0.12373210075794941,0.2029726526452892,7.071059421532008,6.95659767654671,5.699587203255397,0.7127661553838842,5.183381753429286e-06,10.615565831023178,1.0000000080478566
550.0,0.3315885423378064,5.5,5.375740469373707,0.12837830230418684,0.20382318675432545,7.072861350493546,6.95659767654671,6.269545923580935,0.7127661553838842,5.183381753429286e-06,10.615565831023178,0.9999999980085386
550.0,0.3315885423378064,6.0,5.439191682922568,0.13347437275815477,0.20477517465804856,7.0749190699134115,6.95659767654671,6.839504643906475,0.7127661553838842,5.183381753429286e-06,10.615565831023178,1.0000000004357736
650.0,0.3315885423378064,0.0,5.974537620253997,0.1742443087955588,0.16851423566693283,8.347615667218653,8.22143361773702,0.0,0.8423600018173177,6.125814799507338e-06,12.545668709391027,1.00000000028744
650.0,0.3315885423378064,0.5,5.976701995844729,0.1744016107016859,0.168536275520008,8.347675140786494,8.22143361773702,0.5699587203255395,0.8423600018173177,6.125814799507338e-06,12.545668709391027,0.999999997738115
650.0,0.3315885423378064,1.0,5.983199893034307,0.17487352112324225,0.16860250882169436,8.347854391464038,8.22143361773702,1.139917440651079,0.8423600018173177,6.125814799507338e-06,12.545668709391027,1.0000000047019588
650.0,0.3315885423378064,1.5,5.994047593594592,0.1756601956556117,0.1687131968211632,8.348154404750488,8.22143361773702,1.7098761609766187,0.8423600018173177,6.125814799507338e-06,12.545668709391027,0.9999999985051995
650.0,0.3315885423378064,2.0,6.009271460066914,0.17676183174772295,0.16886879951315936,8.34857755721519,8.22143361773702,2.279834881302158,0.8423600018173177,6.125814799507338e-06,12.545668709391027,1.0000000021985909
650.0,0.3315885423378064,2.5,6.0289090223106845,0.1781787389784981,0.1690699453664738,8.349127020380372,8.22143361773702,2.8497936016276983,0.8423600018173177,6.125814799507338e-06,12.545668709391027,1.0000000026794924
650.0,0.3315885423378064,3.0,6.053008467263065,0.17991129009872378,0.16931751005074855,8.349807023668307,8.22143361773702,3.4197523219532373,0.8423600018173177,6.125814799507338e-06,12.545668709391027,0.9999999942011324
650.0,0.3315885423378064,3.5,6.081629694405742,0.18195998143966155,0.16961254027469747,8.350622705302,8.22143361773702,3.9897110422787776,0.8423600018173177,6.125814799507338e-06,12.545668709391027,1.0000000014668469
650.0,0.3315885423378064,4.0,6.114843569616674,0.18432536003268926,0.16995626333411673,8.35158073152457,8.22143361773702,4.559669762604316,0.8423600018173177,6.125814799507338e-06,12.545668709391027,1.0000000007410264
650.0,0.3315885423378064,4.5,6.152733154435017,0.18700808870896354,0.17035017454970156,8.352688806308315,8.22143361773702,5.1296284829298555,0.8423600018173177,6.125814799507338e-06,12.545668709391027,1.0000000003251484
650.0,0.3315885423378064,5.0,6.195393671531041,0.1900089164691203,0.17079598245230956,8.353956489761709,8.22143361773702,5.699587203255397,0.8423600018173177,6.125814799507338e-06,12.545668709391027,1.0000000002517082
650.0,0.3315885423378064,5.5,6.242933206120552,0.19332869706024675,0.17129565882200976,8.35539418724324,8.22143361773702,6.269545923580935,0.8423600018173177,6.125814799507338e-06,12.545668709391027,1.0000000065943535
650.0,0.3315885423378064,6.0,6.295472882789187,0.19696836625691447,0.17185141321661027,8.357015874149289,8.22143361773702,6.839504643906475,0.8423600018173177,6.125814799507338e-06,12.545668709391027,1.0000000003932092
450.0,0.3665032046990376,0.0,3.7421845067279995,-0.028934794941518405,0.2690392840679934,5.228574996680247,5.1495401758103325,0.0,0.5276168212920421,3.8369378001886075e-06,7.858048614786268,1.00000000028744
450.0,0.3665032046990376,0.5,3.7464076079337145,-0.028444964619207907,0.2691489627384739,5.228691271554997,5.1495401758103325,0.6299726042182241,0.5276168212920421,3.8369378001886075e-06,7.858048614786268,1.0000000063794707
450.0,0.3665032046990376,1.0,3.759109000889921,-0.0269750724248219,0.2694794127527472,5.22904301563722,5.1495401758103325,1.2599452084364482,0.5276168212920421,3.8369378001886075e-06,7.858048614786268,0.999999997390308
450.0,0.3665032046990376,1.5,3.780385715381071,-0.02452387786229639,0.2700349270493356,5.229638213532264,5.1495401758103325,1.8899178126546725,0.5276168212920421,3.8369378001886075e-06,7.858048614786268,0.999999996588323
450.0,0.3665032046990376,2.0,3.8104011450971127,-0.021089292310759792,0.270822759152091,5.230491082152517,5.1495401758103325,2.5198904168728964,0.5276168212920421,3.8369378001886075e-06,7.858048614786268,0.9999999989017976
450.0,0.3665032046990376,2.5,3.849387415716794,-0.016668369128938133,0.27185331540101587,5.231622819365564,5.1495401758103325,3.1498630210911203,0.5276168212920421,3.8369378001886075e-06,7.858048614786268,1.0000000008186338
450.0,0.3665032046990376,3.0,3.8976488270522025,-0.011257284135841747,0.2731405050251697,5.233062469627453,5.1495401758103325,3.779835625309345,0.5276168212920421,3.8369378001886075e-06,7.858048614786268,1.0000000023999713
450.0,0.3665032046990376,3.5,3.9555669862663665,-0.004851247777920263,0.27470208215005076,5.234849925805989,5.1495401758103325,4.409808229527569,0.5276168212920421,3.8369378001886075e-06,7.858048614786268,0.9999999986714961
450.0,0.3665032046990376,4.0,4.023606103943107,0.0025554669880287354,0.27656007505965097,5.237037641683157,5.1495401758103325,5.039780833745793,0.5276168212920421,3.8369378001886075e-06,7.858048614786268,1.0000000011116132
450.0,0.3665032046990376,4.5,4.102320791201146,0.01096962677196326,0.2787415784467575,5.239696507177285,5.1495401758103325,5.669753437964016,0.5276168212920421,3.8369378001886075e-06,7.858048614786268,1.0000000025015792
450.0,0.3665032046990376,5.0,4.192364931826968,0.020399088225139608,0.281279409644253,5.242920768816007,5.1495401758103325,6.2997260421822405,0.5276168212920421,3.8369378001886075e-06,7.858048614786268,1.0000000038575965
450.0,0.3665032046990376,5.5,4.290716267131246,0.030469805494768076,0.2842132836653911,5.246838811301751,5.1495401758103325,6.929698646400464,0.5276168212920421,3.8369378001886075e-06,7.858048614786268,0.9999999937650438
450.0,0.3665032046990376,6.0,4.399323302580837,0.041325887759030955,0.28759092730297325,5.251628875587371,5.1495401758103325,7.55967125061869,0.5276168212920421,3.8369378001886075e-06,7.858048614786268,1.0000000007673153
550.0,0.3665032046990376,0.0,4.573781063778667,0.05821538077738186,0.22012305060108553,6.39048055149808,6.293882437101516,0.0,0.6448650038013849,4.6895906446749645e-06,9.604281640294326,1.00000000028744
550.0,0.3665032046990376,0.5,4.5772355313380295,0.05854326921570227,0.22018309087344085,6.390575695082899,6.293882437101516,0.6299726042182241,0.6448650038013849,4.6895906446749645e-06,9.604281640294326,1.0000000066941004
550.0,0.3665032046990376,1.0,4.587616746019639,0.05952713803179571,0.2203637805638577,6.390862457845348,6.293882437101516,1.2599452084364482,0.6448650038013849,4.6895906446749645e-06,9.604281640294326,1.000000003475458
550.0,0.3665032046990376,1.5,4.604977574599257,0.061167528275152615,0.22066662889641664,6.391345495512397,6.293882437101516,1.8899178126546725,0.6448650038013849,4.6895906446749645e-06,9.604281640294326,0.9999999997495121
550.0,0.3665032046990376,2.0,4.629406886579257,0.06346536202566103,0.22109431072176652,6.392032197820767,6.293882437101516,2.5198904168728964,0.6448650038013849,4.6895906446749645e-06,9.604281640294326,1.0000000029919853
550.0,0.3665032046990376,2.5,4.661030690857439,0.06642197125408647,0.2216505472305642,6.392933694166939,6.293882437101516,3.1498630210911203,0.6448650038013849,4.6895906446749645e-06,9.604281640294326,1.0000000043337125
550.0,0.3665032046990376,3.0,4.700012755201581,0.07003904522608392,0.22234029833763921,6.394064960795917,6.293882437101516,3.779835625309345,0.6448650038013849,4.6895906446749645e-06,9.604281640294326,1.000000001429734
550.0,0.3665032046990376,3.5,4.746556888549215,0.07431869902948453,0.22316979620301194,6.395445582687722,6.293882437101516,4.409808229527569,0.6448650038013849,4.6895906446749645e-06,9.604281640294326,0.9999999934353792
550.0,0.3665032046990376,4.0,4.800908201706025,0.07926341056420423,0.2241466111693145,6.397100503984055,6.293882437101516,5.039780833745793,0.6448650038013849,4.6895906446749645e-06,9.604281640294326,1.0000000037372134
550.0,0.3665032046990376,4.5,4.863357136830164,0.08487617148709299,0.22527989956620048,6.39906171588986,6.293882437101516,5.669753437964016,0.6448650038013849,4.6895906446749645e-06,9.604281640294326,1.0000000021144733
550.0,0.3665032046990376,5.0,4.934240692942923,0.09116033928732142,0.22658053665917893,6.401368984019284,6.293882437101516,6.2997260421822405,0.6448650038013849,4.6895906446749645e-06,9.604281640294326,0.9999999984298156
550.0,0.3665032046990376,5.5,5.01394763369029,0.09811980249086348,0.22806129145643794,6.404073508772239,6.293882437101516,6.929698646400464,0.6448650038013849,4.6895906446749645e-06,9.604281640294326,1.0000000025015792
550.0,0.3665032046990376,6.0,5.102921625851756,0.10575890686484317,0.22973710255497073,6.407239804331389,6.293882437101516,7.55967125061869,0.6448650038013849,4.6895906446749645e-06,9.604281640294326,0.9999999998939353
650.0,0.3665032046990376,0.0,5.405377620829333,0.13076604792599356,0.1862579658932262,7.552386106315913,7.438224698392701,0.0,0.7621131863107276,5.542243489161321e-06,11.350514665802386,1.00000000028744
650.0,0.3665032046990376,0.5,5.408300415158027,0.13100081605490882,0.18629434060941433,7.552466503765799,7.438224698392701,0.6299726042182241,0.7621131863107276,5.542243489161321e-06,11.350514665802386,0.9999999989887484
650.0,0.3665032046990376,1.0,5.417078967065789,0.1317051752008975,0.1864036777817166,7.552708835809425,7.438224698392701,1.2599452084364482,0.7621131863107276,5.542243489161321e-06,11.350514665802386,0.9999999986658438
650.0,0.3665032046990376,1.5,5.431746008208065,0.13287946254156258,0.18658667490870087,7.553115539166679,7.438224698392701,1.8899178126546725,0.7621131863107276,5.542243489161321e-06,11.350514665802386,0.9999999986863174
650.0,0.3665032046990376,2.0,5.452354682214248,0.13452410813075538,0.1868444477754982,7.553691268207587,7.438224698392701,2.5198904168728964,0.7621131863107276,5.542243489161321e-06,11.350514665802386,1.000000000026247
650.0,0.3665032046990376,2.5,5.478981016335454,0.1366398043586106,0.1871786225119358,7.55444256319549,7.438224698392701,3.1498630210911203,0.7621131863107276,5.542243489161321e-06,11.350514665802386,1.000000002682197
650.0,0.3665032046990376,3.0,5.51172314492065,0.13922740341105647,0.18759128905631928,7.555378212092049,7.438224698392701,3.779835625309345,0.7621131863107276,5.542243489161321e-06,11.350514665802386,0.9999999977330838
650.0,0.3665032046990376,3.5,5.55070277322283,0.14228798120202388,0.1880850942903077,7.556509279156041,7.438224698392701,4.409808229527569,0.7621131863107276,5.542243489161321e-06,11.350514665802386,1.00000000777976
650.0,0.3665032046990376,4.0,5.596065690819996,0.1458228125964,0.18866320223353486,7.557849795213058,7.438224698392701,5.039780833745793,0.7621131863107276,5.542243489161321e-06,11.350514665802386,0.9999999996758444
650.0,0.3665032046990376,4.5,5.647982866631596,0.14983337926914178,0.1893293930058832,7.559416976734947,7.438224698392701,5.669753437964016,0.7621131863107276,5.542243489161321e-06,11.350514665802386,0.9999999986137212
650.0,0.3665032046990376,5.0,5.706651798047053,0.1543213827454026,0.19008813364303367,7.561231976352309,7.438224698392701,6.2997260421822405,0.7621131863107276,5.542243489161321e-06,11.350514665802386,0.9999999976598951
650.0,0.3665032046990376,5.5,5.772297832745069,0.1592887399259094,0.1909445414422506,7.563320331375488,7.438224698392701,6.929698646400464,0.7621131863107276,5.542243489161321e-06,11.350514665802386,1.000000007241454
650.0,0.3665032046990376,6.0,5.84517648159573,0.1647376368860834,0.19190454380496824,7.565713868557386,7.438224698392701,7.55967125061869,0.7621131863107276,5.542243489161321e-06,11.350514665802386,1.0000000003715444
450.0,0.4050942113609619,0.0,3.38568800991529,-0.07241305581108361,0.2973678134523766,4.730478586338148,4.658972960438628,0.0,0.4773537869301872,3.4714146994980177e-06,7.10945730457194,1.00000000028744
450.0,0.4050942113609619,0.5,3.3913923183727697,-0.0716819591879969,0.297548842013074,4.730635826965168,4.658972960438628,0.6963056584849092,0.4773537869301872,3.4714146994980177e-06,7.10945730457194,0.9999999960419964
450.0,0.4050942113609619,1.0,3.408569962071777,-0.06948777885826934,0.29809540885267205,4.731112949096501,4.658972960438628,1.3926113169698184,0.4773537869301872,3.4714146994980177e-06,7.10945730457194,0.9999999989367412
450.0,0.4050942113609619,1.5,3.4374173781673125,-0.06582772307502519,0.29901816627515737,4.73192667952105,4.658972960438628,2.088916975454728,0.4773537869301872,3.4714146994980177e-06,7.10945730457194,0.999999996778504
450.0,0.4050942113609619,2.0,3.4782664782034294,-0.06069714006149618,0.3003351857316774,4.733106652378686,4.658972960438628,2.785222633939637,0.4773537869301872,3.4714146994980177e-06,7.10945730457194,1.0000000048489333
450.0,0.4050942113609619,2.5,3.531592716985283,-0.05408937880207802,0.302072920162046,4.734697910868165,4.658972960438628,3.4815282924245463,0.4773537869301872,3.4714146994980177e-06,7.10945730457194,0.9999999969545058
450.0,0.4050942113609619,3.0,3.598025388548053,-0.045995767819424424,0.3042671258352038,4.736766282737514,4.658972960438628,4.177833950909456,0.4773537869301872,3.4714146994980177e-06,7.10945730457194,1.000000005089834
450.0,0.4050942113609619,3.5,3.6783629859594873,-0.036405407529559834,0.30696448654342906,4.739404800597232,4.658972960438628,4.874139609394366,0.4773537869301872,3.4714146994980177e-06,7.10945730457194,1.0000000020439104
450.0,0.4050942113609619,4.0,3.773591356709676,-0.025305122826799916,0.3102245360405225,4.742746355927308,4.658972960438628,5.570445267879274,0.4773537869301872,3.4714146994980177e-06,7.10945730457194,0.9999999977322969
450.0,0.4050942113609619,4.5,3.8815089195777173,-0.01305940283318142,0.3141224909944297,4.746983435562218,4.658972960438628,6.266750926364184,0.4773537869301872,3.4714146994980177e-06,7.10945730457194,0.9999999982070837
450.0,0.4050942113609619,5.0,4.002978082823915,0.0003232209268578618,0.3187527677235748,4.752400726425806,4.658972960438628,6.963056584849093,0.4773537869301872,3.4714146994980177e-06,7.10945730457194,0.9999999989417868
450.0,0.4050942113609619,5.5,4.14140401481747,0.015087608854923763,0.3242336720181512,4.759435371222403,4.658972960438628,7.6593622433340025,0.4773537869301872,3.4714146994980177e-06,7.10945730457194,1.0000000010750254
450.0,0.4050942113609619,6.0,4.298224192273641,0.031229072905178998,0.330713480599112,4.768791634806819,4.658972960438628,8.355667901818912,0.4773537869301872,3.4714146994980177e-06,7.10945730457194,1.0000000004190943
550.0,0.4050942113609619,0.0,4.1380631232297995,0.014737119907816626,0.2433009382792172,5.78169604996885,5.694300284980544,0.0,0.5834324062480067,4.242840188275355e-06,8.689336705587927,1.00000000028744
550.0,0.4050942113609619,0.5,4.142728766339762,0.015226508676094553,0.24340003893726306,5.781824524242699,5.694300284980544,0.6963056584849092,0.5834324062480067,4.242840188275355e-06,8.689336705587927,1.0000000022406776
550.0,0.4050942113609619,1.0,4.156761290949486,0.01669509379887427,0.2436986117353282,5.782213107871654,5.694300284980544,1.3926113169698184,0.5834324062480067,4.242840188275355e-06,8.689336705587927,1.000000000131463
550.0,0.4050942113609619,1.5,4.180267594324848,0.019144092126241203,0.2442005167134635,5.782870648321062,5.694300284980544,2.088916975454728,0.5834324062480067,4.242840188275355e-06,8.689336705587927,0.9999999978119384
550.0,0.4050942113609619,2.0,4.213428349658914,0.022575621712176343,0.24491231755111317,5.783812940231257,5.694300284980544,2.785222633939637,0.5834324062480067,4.242840188275355e-06,8.689336705587927,0.9999999958825657
550.0,0.4050942113609619,2.5,4.256499442336386,0.026992589501509234,0.24584343053741223,5.785063179969268,5.694300284980544,3.4815282924245463,0.5834324062480067,4.242840188275355e-06,8.689336705587927,1.000000001737161
550.0,0.4050942113609619,3.0,4.3098169817255325,0.03239883671807718,0.2470063692602648,5.786653508778577,5.694300284980544,4.177833950909456,0.5834324062480067,4.242840188275355e-06,8.689336705587927,1.0000000005518135
550.0,0.4050942113609619,3.5,4.373801972120376,0.03879912473939124,0.2484171837080909,5.788627955125336,5.694300284980544,4.874139609394366,0.5834324062480067,4.242840188275355e-06,8.689336705587927,0.9999999968618473
550.0,0.4050942113609619,4.0,4.448966857705967,0.04619917918316867,0.25009574144097896,5.791044506640321,5.694300284980544,5.570445267879274,0.5834324062480067,4.242840188275355e-06,8.689336705587927,1.0000000041108164
550.0,0.4050942113609619,4.5,4.535923784690776,0.054605757342092116,0.2520664872901104,5.7939811657376525,5.694300284980544,6.266750926364184,0.5834324062480067,4.242840188275355e-06,8.689336705587927,0.9999999992590962
550.0,0.4050942113609619,5.0,4.635394441579453,0.06402670432898702,0.25435907925750795,5.797541808480454,5.694300284980544,6.963056584849093,0.5834324062480067,4.242840188275355e-06,8.689336705587927,1.0000000000811178
550.0,0.4050942113609619,5.5,4.744066457261655,0.07409077288571883,0.2570093108136243,5.8018686434649345,5.694300284980544,7.6593622433340025,0.5834324062480067,4.242840188275355e-06,8.689336705587927,0.9999999982070837
550.0,0.4050942113609619,6.0,4.864041311301842,0.08493726350461102,0.2600602971551449,5.807157637145136,5.694300284980544,8.355667901818912,0.5834324062480067,4.242840188275355e-06,8.689336705587927,1.0000000012869061
650.0,0.4050942113609619,0.0,4.890438236544308,0.08728778705642833,0.2058700246977992,6.832913513599548,6.729627609522461,0.0,0.689511025565826,5.014265677052692e-06,10.269216106603912,1.00000000028744
650.0,0.4050942113609619,0.5,4.894385382299077,0.08763817123918378,0.2059300392713442,6.833022220581862,6.729627609522461,0.6963056584849092,0.689511025565826,5.014265677052692e-06,10.269216106603912,0.9999999949486307
650.0,0.4050942113609619,1.0,4.906248370607664,0.08868953852977958,0.20611065221104408,6.833350080963488,6.729627609522461,1.3926113169698184,0.689511025565826,5.014265677052692e-06,10.269216106603912,1.0000000027434275
650.0,0.4050942113609619,1.5,4.926091891705287,0.09044251761408109,0.20641351813250192,6.833902605756011,6.729627609522461,2.088916975454728,0.689511025565826,5.014265677052692e-06,10.269216106603912,1.0000000027325457
650.0,0.4050942113609619,2.0,4.954024675554394,0.09289817410926443,0.20684146934316858,6.834688953334418,6.729627609522461,2.785222633939637,0.689511025565826,5.014265677052692e-06,10.269216106603912,0.999999998508751
650.0,0.4050942113609619,2.5,4.990200367682433,0.09605799253827597,0.20739850249522693,6.835722719047019,6.729627609522461,3.4815282924245463,0.689511025565826,5.014265677052692e-06,10.269216106603912,0.9999999983543725
650.0,0.4050942113609619,3.0,5.034819805418745,0.09992394058000671,0.20808994566637698,6.837022489425206,6.729627609522461,4.177833950909456,0.689511025565826,5.014265677052692e-06,10.269216106603912,0.9999999962400772
650.0,0.4050942113609619,3.5,5.088132300857971,0.10449840391962,0.2089224568841271,6.838612494869896,6.729627609522461,4.874139609394366,0.689511025565826,5.014265677052692e-06,10.269216106603912,1.0000000041059365
650.0,0.4050942113609619,4.0,5.150439365843066,0.10978428742625905,0.20990422114193505,6.8405237881925585,6.729627609522461,5.570445267879274,0.689511025565826,5.014265677052692e-06,10.269216106603912,1.000000001420751
650.0,0.4050942113609619,4.5,5.2220971213103065,0.11578495330505881,0.21104514233989324,6.842796162797428,6.729627609522461,6.266750926364184,0.689511025565826,5.014265677052692e-06,10.269216106603912,1.0000000009998082
650.0,0.4050942113609619,5.0,5.303520872401699,0.12250429106139772,0.2123569936262366,6.845480528093204,6.729627609522461,6.963056584849093,0.689511025565826,5.014265677052692e-06,10.269216106603912,0.9999999977813449
650.0,0.4050942113609619,5.5,5.395189907446819,0.12994674486513955,0.21385361070806228,6.848641753701862,6.729627609522461,7.6593622433340025,0.689511025565826,5.014265677052692e-06,10.269216106603912,0.999999998331309
650.0,0.4050942113609619,6.0,5.4976529859072425,0.13811733220024958,0.2155513871900592,6.852363163016028,6.729627609522461,8.355667901818912,0.689511025565826,5.014265677052692e-06,10.269216106603912,1.00000000160872
450.0,0.4063957430879413,0.0,3.3748449328469246,-0.07380616863678795,0.29832322982944715,4.7153286541141215,4.6440520336664255,0.0,0.47582500344942885,3.4602970722941285e-06,7.086688404058375,1.00000000028744
450.0,0.4063957430879413,0.5,3.3806044585452044,-0.0730656314229679,0.2985071839272913,4.715487403506459,4.6440520336664255,0.698542826730658,0.47582500344942885,3.4602970722941285e-06,7.086688404058375,1.0000000022971773
450.0,0.4063957430879413,1.0,3.397949286802959,-0.0708430984388401,0.29906266603104625,4.715969222763123,4.6440520336664255,1.397085653461316,0.47582500344942885,3.4602970722941285e-06,7.086688404058375,0.9999999960507798
450.0,0.4063957430879413,1.5,3.4270801980091927,-0.06713572373926237,0.3000005728152671,4.716791291529184,4.6440520336664255,2.0956284801919742,0.47582500344942885,3.4602970722941285e-06,7.086688404058375,1.0000000059716971
450.0,0.4063957430879413,2.0,3.468337049846791,-0.0619386961293625,0.3013395892246902,4.7179837780388185,4.6440520336664255,2.794171306922632,0.47582500344942885,3.4602970722941285e-06,7.086688404058375,0.9999999998317264
450.0,0.4063957430879413,2.5,3.5222061282223818,-0.055245222964728814,0.3031069356863308,4.719593045247316,4.6440520336664255,3.4927141336532905,0.47582500344942885,3.4602970722941285e-06,7.086688404058375,1.0000000004746252
450.0,0.4063957430879413,3.0,3.589331795765061,-0.04704638520716207,0.3053395069745351,4.72168650569024,4.6440520336664255,4.1912569603839485,0.47582500344942885,3.4602970722941285e-06,7.086688404058375,0.9999999970863368
450.0,0.4063957430879413,3.5,3.670531734393495,-0.03733100811531467,0.3080854327319637,4.724360039039015,4.6440520336664255,4.889799787114606,0.47582500344942885,3.4602970722941285e-06,7.086688404058375,0.9999999963408319
450.0,0.4063957430879413,4.0,3.766816362789732,-0.026085543031008063,0.31140623983728083,4.727750892367407,4.6440520336664255,5.588342613845264,0.47582500344942885,3.4602970722941285e-06,7.086688404058375,0.9999999970125691
450.0,0.4063957430879413,4.5,3.8756528220297954,-0.013715124969296904,0.3153797407089594,4.732057854110945,4.6440520336664255,6.286885440575922,0.47582500344942885,3.4602970722941285e-06,7.086688404058375,0.9999999995092315
450.0,0.4063957430879413,5.0,3.998515642458012,-0.00016119198258122326,0.32010367485371327,4.737577282419823,4.6440520336664255,6.985428267306581,0.47582500344942885,3.4602970722941285e-06,7.086688404058375,1.0000000029490355
450.0,0.4063957430879413,5.5,4.138586351239205,0.014792029817500647,0.325700718756041,4.7447666407412115,4.6440520336664255,7.683971094037239,0.47582500344942885,3.4602970722941285e-06,7.086688404058375,0.9999999942741447
450.0,0.4063957430879413,6.0,4.297340837016825,0.03113980912469716,0.3323248918903369,4.75436471889546,4.6440520336664255,8.382513920767897,0.47582500344942885,3.4602970722941285e-06,7.086688404058375,0.9999999988725109
450.0,0.42778499272414877,0.0,3.206102686204578,-0.09608256334794023,0.3140244524520497,4.479562221408416,4.411849431983104,0.0,0.4520337532769574,3.287282218679422e-06,6.7323539838554565,1.00000000028744
450.0,0.42778499272414877,0.5,3.2128217731837054,-0.09517335699017414,0.3142622786632124,4.479747506955484,4.411849431983104,0.7353082386638508,0.4520337532769574,3.287282218679422e-06,6.7323539838554565,0.9999999998273064
450.0,0.42778499272414877,1.0,3.233074039502904,-0.09244434097580422,0.31498147356880185,4.480311345660983,4.411849431983104,1.4706164773277015,0.4520337532769574,3.287282218679422e-06,6.7323539838554565,0.9999999954468122
450.0,0.42778499272414877,1.5,3.2671478491273938,-0.08789120316189085,0.31619944520234283,4.481278599583909,4.411849431983104,2.205924715991552,0.4520337532769574,3.287282218679422e-06,6.7323539838554565,0.9999999982627981
450.0,0.42778499272414877,2.0,3.315532536709023,-0.08150669714542907,0.31794615880287813,4.482693312726494,4.411849431983104,2.941232954655403,0.4520337532769574,3.287282218679422e-06,6.7323539838554565,0.9999999961257368
450.0,0.42778499272414877,2.5,3.378932313064479,-0.07328049927399635,0.3202656028928706,4.484625498767292,4.411849431983104,3.6765411933192538,0.4520337532769574,3.287282218679422e-06,6.7323539838554565,1.000000005683723
450.0,0.42778499272414877,3.0,3.4582867000094675,-0.0631989968750922,0.3232182541912793,4.487178458370872,4.411849431983104,4.411849431983104,0.4520337532769574,3.287282218679422e-06,6.7323539838554565,1.0000000056851732
450.0,0.42778499272414877,3.5,3.5547979638119274,-0.0512450685955136,0.3268840850428302,4.4905063579996085,4.411849431983104,5.147157670646955,0.4520337532769574,3.287282218679422e-06,6.7323539838554565,1.000000001354798
450.0,0.42778499272414877,4.0,3.667219419953184,-0.037723095541340755,0.33136716988726905,4.494839598260306,4.411849431983104,5.882465909310806,0.4520337532769574,3.287282218679422e-06,6.7323539838554565,0.9999999969588121
450.0,0.42778499272414877,4.5,3.7951424869876855,-0.02283190539137055,0.33680178683838924,4.500534169640699,4.411849431983104,6.6177741479746555,0.4520337532769574,3.287282218679422e-06,6.7323539838554565,1.0000000019519713
450.0,0.42778499272414877,5.0,3.943096624073329,-0.006222571904317107,0.34336063033475256,4.508164228870491,4.411849431983104,7.3530823866385076,0.4520337532769574,3.287282218679422e-06,6.7323539838554565,1.0000000015237747
450.0,0.42778499272414877,5.5,4.1129982914507615,0.012098537774293067,0.35126597234118306,4.518706730290034,4.411849431983104,8.088390625302358,0.4520337532769574,3.287282218679422e-06,6.7323539838554565,0.9999999986995854
450.0,0.42778499272414877,6.0,4.307115876637347,0.03212656464806253,0.36080471239086137,4.533974073500288,4.411849431983104,8.823698863966207,0.4520337532769574,3.287282218679422e-06,6.7323539838554565,1.00000000225397
450.0,0.4477486635155488,0.0,3.0631528936842285,-0.11589131668064873,0.32867919933618095,4.2798329697884725,4.215139275553397,0.0,0.43187902413456936,3.1407128922701205e-06,6.432180003369207,1.00000000028744
450.0,0.4477486635155488,0.5,3.0708590218113105,-0.1148001121870067,0.32897806810834795,4.280045597564885,4.215139275553397,0.7696232610619252,0.43187902413456936,3.1407128922701205e-06,6.432180003369207,1.000000000556441
450.0,0.4477486635155488,1.0,3.0941084747173013,-0.11152445599650167,0.3298832845730836,4.280694421654179,4.215139275553397,1.5392465221238505,0.43187902413456936,3.1407128922701205e-06,6.432180003369207,1.0000000036786048
450.0,0.4477486635155488,1.5,3.133299019010972,-0.10605814859764552,0.33142126585843756,4.281813953909673,4.215139275553397,2.308869783185776,0.43187902413456936,3.1407128922701205e-06,6.432180003369207,0.9999999979995836
450.0,0.4477486635155488,2.0,3.1891085942488684,-0.09839068341141521,0.3336376304014955,4.283466949202175,4.215139275553397,3.078493044247701,0.43187902413456936,3.1407128922701205e-06,6.432180003369207,0.9999999986080353
450.0,0.4477486635155488,2.5,3.262517873076441,-0.0885070917763496,0.33660020340670704,4.2857536801827365,4.215139275553397,3.848116305309626,0.43187902413456936,3.1407128922701205e-06,6.432180003369207,0.9999999981224009
450.0,0.4477486635155488,3.0,3.354845048302402,-0.07638752530917758,0.34040322769739256,4.288829039456589,4.215139275553397,4.617739566371552,0.43187902413456936,3.1407128922701205e-06,6.432180003369207,1.0000000010442331
450.0,0.4477486635155488,3.5,3.4671558777119964,-0.06208662405622708,0.3451734812858232,4.2929328076941955,4.215139275553397,5.387362827433476,0.43187902413456936,3.1407128922701205e-06,6.432180003369207,1.0000000016777746
450.0,0.4477486635155488,4.0,3.595434976582937,-0.046308552380353696,0.35107907271438354,4.298444799135954,4.215139275553397,6.156986088495402,0.43187902413456936,3.1407128922701205e-06,6.432180003369207,1.0000000000720608
450.0,0.4477486635155488,4.5,3.7462225045252286,-0.02846642287557361,0.3583416506439424,4.305995664537062,4.215139275553397,6.926609349557327,0.43187902413456936,3.1407128922701205e-06,6.432180003369207,0.9999999996004805
450.0,0.4477486635155488,5.0,3.921850858122867,-0.008568917224607,0.3672533149712221,4.316700967228805,4.215139275553397,7.696232610619252,0.43187902413456936,3.1407128922701205e-06,6.432180003369207,1.0000000023676816
450.0,0.4477486635155488,5.5,4.125127961835056,0.013377433620262376,0.3782003019041914,4.332730293745761,4.215139275553397,8.465855871681176,0.43187902413456936,3.1407128922701205e-06,6.432180003369207,1.0000000002814466
450.0,0.4477486635155488,6.0,4.39217564038905,0.04061970762922689,0.3921840521605237,4.358914347013637,4.215139275553397,9.235479132743103,0.43187902413456936,3.1407128922701205e-06,6.432180003369207,1.000000000829995
550.0,0.4477486635155488,0.0,3.743853536725167,-0.02874114096174869,0.26891934491142083,5.230906963074798,5.15183689234304,0.0,0.5278521406089179,3.838649090552369e-06,7.861553337451251,1.00000000028744
550.0,0.4477486635155488,0.5,3.7501555963399618,-0.028010704072250706,0.26908291154467195,5.231080636859927,5.15183689234304,0.7696232610619252,0.5278521406089179,3.838649090552369e-06,7.861553337451251,1.0000000029280867
550.0,0.4477486635155488,1.0,3.7691334932483134,-0.025818471985433456,0.2695767607390041,5.2316078039970275,5.15183689234304,1.5392465221238505,0.5278521406089179,3.838649090552369e-06,7.861553337451251,1.000000000471962
550.0,0.4477486635155488,1.5,3.80100382321725,-0.022161684892098875,0.2704104552754647,5.232506779856064,5.15183689234304,2.308869783185776,0.5278521406089179,3.838649090552369e-06,7.861553337451251,0.9999999983489455
550.0,0.4477486635155488,2.0,3.846133108211387,-0.017035680962327097,0.2716003811826537,5.233810309296387,5.15183689234304,3.078493044247701,0.5278521406089179,3.838649090552369e-06,7.861553337451251,0.9999999997639746
550.0,0.4477486635155488,2.5,3.905045932997208,-0.010433844707497898,0.27317038180024283,5.235568233332579,5.15183689234304,3.848116305309626,0.5278521406089179,3.838649090552369e-06,7.861553337451251,0.9999999968458595
550.0,0.4477486635155488,3.0,3.9784371619341385,-0.0023474884107624774,0.2751527274522286,5.237852877699092,5.15183689234304,4.617739566371552,0.5278521406089179,3.838649090552369e-06,7.861553337451251,0.9999999989872432
550.0,0.4477486635155488,3.5,4.067187840403986,0.007234239145739073,0.2775895616682057,5.2407672345634,5.15183689234304,5.387362827433476,0.5278521406089179,3.838649090552369e-06,7.861553337451251,0.9999999990014455
550.0,0.4477486635155488,4.0,4.17238616125592,0.018324504960931288,0.2805345988921124,5.244457850851169,5.15183689234304,6.156986088495402,0.5278521406089179,3.838649090552369e-06,7.861553337451251,1.0000000008667103
550.0,0.4477486635155488,4.5,4.291623284510339,0.030561601593448853,0.28405574102572945,5.249136469162612,5.15183689234304,6.926609349557327,0.5278521406089179,3.838649090552369e-06,7.861553337451251,1.0000000032010234
550.0,0.4477486635155488,5.0,4.425806239875548,0.04393240543118457,0.28823817455683653,5.2551177323356315,5.15183689234304,7.696232610619252,0.5278521406089179,3.838649090552369e-06,7.861553337451251,0.9999999990229936
550.0,0.4477486635155488,5.5,4.578716394419723,0.05868375284332644,0.2931886232541347,5.262883589989741,5.15183689234304,8.465855871681176,0.5278521406089179,3.838649090552369e-06,7.861553337451251,0.9999999996004805
550.0,0.4477486635155488,6.0,4.7519403224902,0.07481098656774565,0.29904087817154584,5.273208640302836,5.15183689234304,9.235479132743103,0.5278521406089179,3.838649090552369e-06,7.861553337451251,0.99999999856119
650.0,0.4477486635155488,0.0,4.424554179766107,0.043809526186863124,0.2275471380019715,6.181980956361126,6.088534509132683,0.0,0.6238252570832667,4.536585288834618e-06,9.290926671533297,1.00000000028744
650.0,0.4477486635155488,0.5,4.429885308942875,0.04433249102647935,0.22764617556108777,6.182127829435751,6.088534509132683,0.7696232610619252,0.6238252570832667,4.536585288834618e-06,9.290926671533297,0.9999999952799392
650.0,0.4477486635155488,1.0,4.445921869858544,0.045901835054026605,0.22794468969493503,6.182571987498688,6.088534509132683,1.5392465221238505,0.6238252570832667,4.536585288834618e-06,9.290926671533297,0.9999999976569214
650.0,0.4477486635155488,1.5,4.4727949314296565,0.04851899578051076,0.22844678585081626,6.183324612503979,6.088534509132683,2.308869783185776,0.6238252570832667,4.536585288834618e-06,9.290926671533297,0.9999999959478506
650.0,0.4477486635155488,2.0,4.510724707288855,0.05218633127991389,0.22915947553829855,6.184404882322254,6.088534509132683,3.078493044247701,0.6238252570832667,4.536585288834618e-06,9.290926671533297,0.9999999959027552
650.0,0.4477486635155488,2.5,4.56002474218355,0.056907207776085336,0.2300928520168794,6.185841326479695,6.088534509132683,3.848116305309626,0.6238252570832667,4.536585288834618e-06,9.290926671533297,0.9999999968108821
650.0,0.4477486635155488,3.0,4.621106861498141,0.06268602021657388,0.23126039958379158,6.18767406155893,6.088534509132683,4.617739566371552,0.6238252570832667,4.536585288834618e-06,9.290926671533297,1.000000000481295
650.0,0.4477486635155488,3.5,4.6944877663529825,0.0695282203151363,0.2326793663900169,6.189957398879424,6.088534509132683,5.387362827433476,0.6238252570832667,4.536585288834618e-06,9.290926671533297,1.000000002463576
650.0,0.4477486635155488,4.0,4.780797543566032,0.07744036132540832,0.23437130285453212,6.192765027896365,6.088534509132683,6.156986088495402,0.6238252570832667,4.536585288834618e-06,9.290926671533297,0.9999999994632396
650.0,0.4477486635155488,4.5,4.880790876927998,0.08643020888298494,0.23636272181098655,6.196195615539255,6.088534509132683,6.926609349557327,0.6238252570832667,4.536585288834618e-06,9.290926671533297,1.000000000536976
650.0,0.4477486635155488,5.0,4.9951242277121315,0.09648630218278595,0.2386860024864345,6.200383679414995,6.088534509132683,7.696232610619252,0.6238252570832667,4.536585288834618e-06,9.290926671533297,0.9999999977122835
650.0,0.4477486635155488,5.5,5.118456253218988,0.10707900445214967,0.24138037664747417,6.205514641380342,6.088534509132683,8.465855871681176,0.6238252570832667,4.536585288834618e-06,9.290926671533297,0.9999999976423083
650.0,0.4477486635155488,6.0,5.2568159683352516,0.11866278208850811,0.24449344256695138,6.211850432075983,6.088534509132683,9.235479132743103,0.6238252570832667,4.536585288834618e-06,9.290926671533297,0.9999999961583479
450.0,0.44917424236035625,0.0,3.0534311297186454,-0.11727186241787835,0.32972567507465217,4.26624973467468,4.201761363793432,0.0,0.4305083364542451,3.1307449701708777e-06,6.411765698909957,1.00000000028744
450.0,0.44917424236035625,0.5,3.0612112726361493,-0.11616668741709717,0.3300293430621733,4.266464413856194,4.201761363793432,0.7720736505970434,0.4305083364542451,3.1307449701708777e-06,6.411765698909957,0.9999999965582097
450.0,0.44917424236035625,1.0,3.0846855541489675,-0.11284909169715883,0.3309492177264671,4.2671196201359205,4.201761363793432,1.5441473011940867,0.4305083364542451,3.1307449701708777e-06,6.411765698909957,0.9999999989817706
450.0,0.44917424236035625,1.5,3.1242610513340887,-0.1073126766165402,0.3325124328831441,4.268250732037506,4.201761363793432,2.31622095179113,0.4305083364542451,3.1307449701708777e-06,6.411765698909957,1.0000000020726878
450.0,0.44917424236035625,2.0,3.1806309665559023,-0.09954670841540716,0.33476606632175343,4.2699219632609795,4.201761363793432,3.0882946023881734,0.4305083364542451,3.1307449701708777e-06,6.411765698909957,1.0000000077829772
450.0,0.44917424236035625,2.5,3.254799230546489,-0.08953578667412138,0.33777997803825766,4.272236251327122,4.201761363793432,3.860368252985216,0.4305083364542451,3.1307449701708777e-06,6.411765698909957,0.9999999985252753
450.0,0.44917424236035625,3.0,3.3481156010473208,-0.07725954677668431,0.3416513696385105,4.275353103501611,4.201761363793432,4.63244190358226,0.4305083364542451,3.1307449701708777e-06,6.411765698909957,1.0000000051665603
450.0,0.44917424236035625,3.5,3.4614103728376464,-0.06280690053029109,0.3465112293415233,4.279519848777553,4.201761363793432,5.404515554179303,0.4305083364542451,3.1307449701708777e-06,6.411765698909957,0.9999999986718434
450.0,0.44917424236035625,4.0,3.5911320698174456,-0.04682861401079297,0.3525334825599237,4.285130434682864,4.201761363793432,6.176589204776347,0.4305083364542451,3.1307449701708777e-06,6.411765698909957,1.0000000024344822
450.0,0.44917424236035625,4.5,3.7436879324953236,-0.02876035180779428,0.359947788035257,4.292842579907876,4.201761363793432,6.9486628553733905,0.4305083364542451,3.1307449701708777e-06,6.411765698909957,0.9999999969146532
450.0,0.44917424236035625,5.0,3.9214722431992874,-0.00861084597599985,0.36905735543536883,4.3038290683191045,4.201761363793432,7.720736505970432,0.4305083364542451,3.1307449701708777e-06,6.411765698909957,0.9999999960327765
450.0,0.44917424236035625,5.5,4.127369611976949,0.013613370996121787,0.3802639856599095,4.3203967599067585,4.201761363793432,8.492810156567476,0.4305083364542451,3.1307449701708777e-06,6.411765698909957,1.0000000001932812
450.0,0.44917424236035625,6.0,4.412848712191391,0.042659047248458114,0.3947786990962677,4.347765441999913,4.201761363793432,9.26488380716452,0.4305083364542451,3.1307449701708777e-06,6.411765698909957,1.0000000019995974
550.0,0.4492873987401234,0.0,3.731031455961805,-0.030231080777337858,0.2698435144339735,5.21299196963602,5.134192700852825,0.0,0.5260443341037732,3.825502350654973e-06,7.834628814141384,1.00000000028744
550.0,0.4492873987401234,0.5,3.737398851199006,-0.029490543563517824,0.27000990717611817,5.213167473692713,5.134192700852825,0.7722681520866125,0.5260443341037732,3.825502350654973e-06,7.834628814141384,1.0000000022971773
550.0,0.4492873987401234,1.0,3.7565742803270483,-0.027268010579389962,0.27051235964409426,5.213700144923087,5.134192700852825,1.544536304173225,0.5260443341037732,3.825502350654973e-06,7.834628814141384,0.9999999960507798
550.0,0.4492873987401234,1.5,3.7887797144177937,-0.02356063587981228,0.27136072825089136,5.2146089761393855,5.134192700852825,2.3168044562598373,0.5260443341037732,3.825502350654973e-06,7.834628814141384,1.0000000059716971
550.0,0.4492873987401234,2.0,3.8343908802766604,-0.018363608269912356,0.2725719141649419,5.215927319579392,5.134192700852825,3.08907260834645,0.5260443341037732,3.825502350654973e-06,7.834628814141384,0.9999999998317264
550.0,0.4492873987401234,2.5,3.893945387201354,-0.011670135105278708,0.27417053918889395,5.217706431418728,5.134192700852825,3.861340760433062,0.5260443341037732,3.825502350654973e-06,7.834628814141384,1.0000000004746252
550.0,0.4492873987401234,3.0,3.9681556048817557,-0.0034712973477119607,0.27618997590181055,5.220020839019605,5.134192700852825,4.633608912519675,0.5260443341037732,3.825502350654973e-06,7.834628814141384,0.9999999970863368
550.0,0.4492873987401234,3.5,4.057925514691889,0.006244079744135416,0.27867375920350956,5.222976541347068,5.134192700852825,5.405877064606287,0.5260443341037732,3.825502350654973e-06,7.834628814141384,0.9999999963408319
550.0,0.4492873987401234,4.0,4.164372176514929,0.017489544828442113,0.28167754224973224,5.226725270750203,5.134192700852825,6.1781452166929,0.5260443341037732,3.825502350654973e-06,7.834628814141384,0.9999999970125691
550.0,0.4492873987401234,4.5,4.284695409451628,0.029859962890153205,0.2852717090212344,5.231486796113445,5.134192700852825,6.950413368779511,0.5260443341037732,3.825502350654973e-06,7.834628814141384,0.9999999995092315
550.0,0.4492873987401234,5.0,4.420525368133363,0.043413895876868835,0.28954466822827907,5.237588753699383,5.134192700852825,7.722681520866124,0.5260443341037732,3.825502350654973e-06,7.834628814141384,1.0000000029490355
550.0,0.4492873987401234,5.5,4.57537936318215,0.05836711767695082,0.2946073849262339,5.245536888377872,5.134192700852825,8.494949672952737,0.5260443341037732,3.825502350654973e-06,7.834628814141384,0.9999999942741447
550.0,0.4492873987401234,6.0,4.750889050885543,0.07471489698414734,0.30059917497154626,5.256147963026589,5.134192700852825,9.26721782503935,0.5260443341037732,3.825502350654973e-06,7.834628814141384,0.9999999988725109
550.0,0.47293410393697205,0.0,3.5444798831637137,-0.05250747548849022,0.2840458046673405,4.952342371154217,4.877483065810184,0.0,0.4997421173985844,3.6342272331222238e-06,7.442897373434314,1.00000000028744
550.0,0.47293410393697205,0.5,3.551908113311556,-0.051598269130724156,0.284260926569451,4.952547212033785,4.877483065810184,0.8129138443016973,0.4997421173985844,3.6342272331222238e-06,7.442897373434314,0.9999999998273064
550.0,0.47293410393697205,1.0,3.574297836156601,-0.0488692531163542,0.2849114628384443,4.953170559176591,4.877483065810184,1.6258276886033947,0.4997421173985844,3.6342272331222238e-06,7.442897373434314,0.9999999954468122
550.0,0.47293410393697205,1.5,3.611967850057412,-0.044316115302440846,0.28601315963310386,4.95423989862304,4.877483065810184,2.438741532905092,0.4997421173985844,3.6342272331222238e-06,7.442897373434314,0.9999999982627981
550.0,0.47293410393697205,2.0,3.6654591348263565,-0.037931609285979044,0.28759312153197286,4.955803922849686,4.877483065810184,3.2516553772067893,0.4997421173985844,3.6342272331222238e-06,7.442897373434314,0.9999999961257368
550.0,0.47293410393697205,2.5,3.7355502248141876,-0.029705411414546315,0.2896911376507125,4.957940034890515,4.877483065810184,4.064569221508487,0.4997421173985844,3.6342272331222238e-06,7.442897373434314,1.000000005683723
550.0,0.47293410393697205,3.0,3.823279800469255,-0.019623909015642198,0.29236191123987004,4.960762437927186,4.877483065810184,4.877483065810184,0.4997421173985844,3.6342272331222238e-06,7.442897373434314,1.0000000056851732
550.0,0.47293410393697205,3.5,3.929977017161178,-0.007669980736063599,0.29567778000700723,4.96444156939668,4.877483065810184,5.690396910111882,0.4997421173985844,3.6342272331222238e-06,7.442897373434314,1.000000001354798
550.0,0.47293410393697205,4.0,4.054263613296493,0.005851992318109327,0.2997328828249161,4.969232146753745,4.877483065810184,6.503310754413579,0.4997421173985844,3.6342272331222238e-06,7.442897373434314,0.9999999969588121
550.0,0.47293410393697205,4.5,4.195687885091467,0.02074318246807947,0.30464867881750823,4.975527732290631,4.877483065810184,7.316224598715276,0.4997421173985844,3.6342272331222238e-06,7.442897373434314,1.0000000019519713
550.0,0.47293410393697205,5.0,4.359257338056096,0.03735251595513294,0.310581375981899,4.983963080155101,4.877483065810184,8.129138443016974,0.4997421173985844,3.6342272331222238e-06,7.442897373434314,1.0000000015237747
550.0,0.47293410393697205,5.5,4.5470906987049995,0.05567362563374312,0.31773202687501695,4.995618254008572,4.877483065810184,8.94205228731867,0.4997421173985844,3.6342272331222238e-06,7.442897373434314,0.9999999986995854
550.0,0.47293410393697205,6.0,4.761695763796251,0.0757016525075125,0.32636014188888574,5.012496936999903,4.877483065810184,9.754966131620368,0.4997421173985844,3.6342272331222238e-06,7.442897373434314,1.00000000225397
650.0,0.4884268966112874,0.0,4.056058817373136,0.006044252796967874,0.2482199311874077,5.667119747691022,5.581455911102371,0.0,0.571870482694915,4.158759507498135e-06,8.51713947135618,1.00000000028744
650.0,0.4884268966112874,0.5,4.062980905782303,0.006784790010787981,0.24837299024866358,5.667310540715696,5.581455911102371,0.8395439932949814,0.571870482694915,4.158759507498135e-06,8.51713947135618,1.0000000022971773
650.0,0.4884268966112874,1.0,4.08382679499812,0.009007322994915818,0.2488351792965922,5.667889615394165,5.581455911102371,1.6790879865899628,0.571870482694915,4.158759507498135e-06,8.51713947135618,0.9999999960507798
650.0,0.4884268966112874,1.5,4.118837793016475,0.012714697694493533,0.24961556491246467,5.6688776190901615,5.581455911102371,2.518631979884944,0.571870482694915,4.158759507498135e-06,8.51713947135618,1.0000000059716971
650.0,0.4884268966112874,2.0,4.168422357938035,0.017911725304393385,0.2507296939100484,5.6703108095087575,5.581455911102371,3.3581759731799257,0.571870482694915,4.158759507498135e-06,8.51713947135618,0.9999999998317264
650.0,0.4884268966112874,2.5,4.233164932686429,0.024605198469027086,0.2522002150536534,5.672244907987477,5.581455911102371,4.1977199664749065,0.571870482694915,4.158759507498135e-06,8.51713947135618,1.0000000004746252
650.0,0.4884268966112874,3.0,4.313839944761388,0.03280403622659378,0.254057826651134,5.67476093431085,5.581455911102371,5.037263959769888,0.571870482694915,4.158759507498135e-06,8.51713947135618,0.9999999970863368
650.0,0.4884268966112874,3.5,4.411430125524505,0.04251941331844127,0.25634257498583235,5.67797412150274,5.581455911102371,5.87680795306487,0.571870482694915,4.158759507498135e-06,8.51713947135618,0.9999999963408319
650.0,0.4884268966112874,4.0,4.52714984709838,0.05376487840274782,0.25910565351525067,5.682049420017106,5.581455911102371,6.716351946359851,0.571870482694915,4.158759507498135e-06,8.51713947135618,0.9999999970125691
650.0,0.4884268966112874,4.5,4.65795499190838,0.06613529646445905,0.2624118060850825,5.687225743819701,5.581455911102371,7.555895939654833,0.571870482694915,4.158759507498135e-06,8.51713947135618,0.9999999995092315
650.0,0.4884268966112874,5.0,4.805617724875732,0.07968922945117465,0.26634235688065755,5.693859271079336,5.581455911102371,8.395439932949813,0.571870482694915,4.158759507498135e-06,8.51713947135618,1.0000000029490355
650.0,0.4884268966112874,5.5,4.973961765776124,0.0946424512512566,0.27099937890701115,5.7024998044344875,5.581455911102371,9.234983926244796,0.571870482694915,4.158759507498135e-06,8.51713947135618,0.9999999942741447
650.0,0.4884268966112874,6.0,5.164760912003167,0.11099023055845308,0.2765110241131469,5.714035258744838,5.581455911102371,10.074527919539776,0.571870482694915,4.158759507498135e-06,8.51713947135618,0.9999999988725109
450.0,0.4948944222294061,0.0,2.771343851709721,-0.159369577550214,0.36328752201547204,3.872117781526103,3.8135870852188987,0.0,0.39073638168226427,2.8415151532019878e-06,5.819423033757671,1.00000000028744
450.0,0.4948944222294061,0.5,2.781756826532412,-0.1577408288318926,0.3637811294457213,3.872405471196054,3.8135870852188987,0.8506608509493097,0.39073638168226427,2.8415151532019878e-06,5.819423033757671,0.9999999943693343
450.0,0.4948944222294061,1.0,2.813260497511648,-0.1528500432388848,0.3652832966952264,3.8732909881559006,3.8135870852188987,1.7013217018986193,0.39073638168226427,2.8415151532019878e-06,5.819423033757671,1.0000000016699666
450.0,0.4948944222294061,1.5,2.866663376018425,-0.14468329333121766,0.36785985589427234,3.874846064655308,3.8135870852188987,2.551982552847929,0.39073638168226427,2.8415151532019878e-06,5.819423033757671,0.9999999975240841
450.0,0.4948944222294061,2.0,2.94335753924272,-0.13321697085635895,0.3716271757699896,3.8772073184839186,3.8135870852188987,3.4026434037972386,0.39073638168226427,2.8415151532019878e-06,5.819423033757671,1.0000000066572294
450.0,0.4948944222294061,2.5,3.04539147732413,-0.11841686332011875,0.37676296884038624,3.880609579072532,3.8135870852188987,4.253304254746548,0.39073638168226427,2.8415151532019878e-06,5.819423033757671,0.9999999952626661
450.0,0.4948944222294061,3.0,3.1730292826148982,-0.10058591127943023,0.3835236675057442,3.885452877705209,3.8135870852188987,5.103965105695858,0.39073638168226427,2.8415151532019878e-06,5.819423033757671,1.000000002669838
450.0,0.4948944222294061,3.5,3.3255446182754245,-0.08019721226234382,0.3922709179833271,3.892447178263855,3.8135870852188987,5.954625956645168,0.39073638168226427,2.8415151532019878e-06,5.819423033757671,1.000000000971482
450.0,0.4948944222294061,4.0,3.5101421547783165,-0.0567352863192153,0.40351159005552933,3.902949694456054,3.8135870852188987,6.805286807594477,0.39073638168226427,2.8415151532019878e-06,5.819423033757671,0.9999999986654986
450.0,0.4948944222294061,4.5,3.731182990207097,-0.03021344245106525,0.4179572973652872,3.91988789435925,3.8135870852188987,7.655947658543787,0.39073638168226427,2.8415151532019878e-06,5.819423033757671,0.9999999963211109
450.0,0.4948944222294061,5.0,4.0633517827046575,0.006824431459675213,0.4377422104727948,3.9508876099410597,3.8135870852188987,8.506608509493097,0.39073638168226427,2.8415151532019878e-06,5.819423033757671,0.9999999990039138
450.0,0.4948944222294061,5.5,4.60454087097155,0.061126340893422886,0.4658231860369775,4.023944462269072,3.8135870852188987,9.357269360442405,0.39073638168226427,2.8415151532019878e-06,5.819423033757671,0.9999999990578569
450.0,0.4948944222294061,6.0,5.2660772261483615,0.11942723234527149,0.5027045064417274,7.037610834077128,3.8135870852188987,10.207930211391716,0.39073638168226427,2.8415151532019878e-06,5.819423033757671,1.0000000017334396
550.0,0.4948944222294061,0.0,3.3871980409785474,-0.07221940183131387,0.2972352452853862,4.7325883996430145,4.66105088193421,0.0,0.47756668872276736,3.4729629650246515e-06,7.112628152370486,1.00000000028744
550.0,0.4948944222294061,0.5,3.395711745396012,-0.07112917450786936,0.2975052711257046,4.732823259062436,4.66105088193421,0.8506608509493097,0.47756668872276736,3.4729629650246515e-06,7.112628152370486,1.0000000000306606
550.0,0.4948944222294061,1.0,3.421397670565143,-0.06785643596932105,0.29832316926623287,4.733540120006588,4.66105088193421,1.7013217018986193,0.47756668872276736,3.4729629650246515e-06,7.112628152370486,0.9999999986043108
550.0,0.4948944222294061,1.5,3.464694798840917,-0.062395007219114174,0.2997127170781793,4.73477695648747,4.66105088193421,2.551982552847929,0.47756668872276736,3.4729629650246515e-06,7.112628152370486,0.9999999968725256
550.0,0.4948944222294061,2.0,3.5263513111128857,-0.05473441482310387,0.30171514875988137,4.736602899938733,4.66105088193421,3.4026434037972386,0.47756668872276736,3.4729629650246515e-06,7.112628152370486,0.9999999967699853
550.0,0.4948944222294061,2.5,3.6074497913592194,-0.044859696049576236,0.30439169043202374,4.739128863299846,4.66105088193421,4.253304254746548,0.47756668872276736,3.4729629650246515e-06,7.112628152370486,1.0000000002264813
550.0,0.4948944222294061,3.0,3.7094451879946826,-0.03275103314439067,0.30782735446381715,4.7425256433289,4.66105088193421,5.103965105695858,0.47756668872276736,3.4729629650246515e-06,7.112628152370486,1.000000001683349
550.0,0.4948944222294061,3.5,3.8335336904684456,-0.01846070698333018,0.3121365760083866,4.747057861930302,4.66105088193421,5.954625956645168,0.47756668872276736,3.4729629650246515e-06,7.112628152370486,0.9999999999477877
550.0,0.4948944222294061,4.0,3.975240517332635,-0.002696581054888003,0.3174710649837316,4.753144242810347,4.66105088193421,6.805286807594477,0.47756668872276736,3.4729629650246515e-06,7.112628152370486,1.000000000153035
550.0,0.4948944222294061,4.5,4.141806383023892,0.01512980174475435,0.3240308360474287,4.761479401939808,4.66105088193421,7.655947658543787,0.47756668872276736,3.4729629650246515e-06,7.112628152370486,0.9999999999104753
550.0,0.4948944222294061,5.0,4.3358049092826905,0.03500974144403725,0.33207936126999704,4.773292828346879,4.66105088193421,8.506608509493097,0.47756668872276736,3.4729629650246515e-06,7.112628152370486,1.0000000000094214
550.0,0.4948944222294061,5.5,4.5603347658086735,0.05693673326783483,0.34196506148068956,4.790974093105749,4.66105088193421,9.357269360442405,0.47756668872276736,3.4729629650246515e-06,7.112628152370486,0.9999999963211109
550.0,0.4948944222294061,6.0,4.854142186249471,0.08405250209340605,0.3545806812020665,4.819832577741046,4.66105088193421,10.207930211391716,0.47756668872276736,3.4729629650246515e-06,7.112628152370486,1.0000000006493128
650.0,0.4948944222294061,0.0,4.003052230247374,0.00033126531729787577,0.2515067460107114,5.593059017759926,5.5085146786495205,0.0,0.5643969957632705,4.104410776847315e-06,8.405833270983301,1.00000000028744
650.0,0.4948944222294061,0.5,4.010253349420661,0.0011118188931607809,0.2516702259808079,5.59325756316938,5.5085146786495205,0.8506608509493097,0.5643969957632705,4.104410776847315e-06,8.405833270983301,0.9999999973500096
650.0,0.4948944222294061,1.0,4.031943911153633,0.0034544906298676252,0.2521640446167519,5.593860463573347,5.5085146786495205,1.7013217018986193,0.5643969957632705,4.104410776847315e-06,8.405833270983301,0.9999999943955139
650.0,0.4948944222294061,1.5,4.0683889123763635,0.007362470726513846,0.2529984413269197,5.594890212495286,5.5085146786495205,2.551982552847929,0.5643969957632705,4.104410776847315e-06,8.405833270983301,0.9999999985466504
650.0,0.4948944222294061,2.0,4.120036473424409,0.012841069398580556,0.25419094504426926,5.596387183532961,5.5085146786495205,3.4026434037972386,0.5643969957632705,4.104410776847315e-06,8.405833270983301,1.000000000086593
650.0,0.4948944222294061,2.5,4.187529372974534,0.019897875039570346,0.2557671828823928,5.598412887153389,5.5085146786495205,4.253304254746548,0.5643969957632705,4.104410776847315e-06,8.405833270983301,1.0000000019162922
650.0,0.4948944222294061,3.0,4.271720268996391,0.028542814113674247,0.2577619565187429,5.601057792895352,5.5085146786495205,5.103965105695858,0.5643969957632705,4.104410776847315e-06,8.405833270983301,0.9999999985662841
650.0,0.4948944222294061,3.5,4.37369356105964,0.03878835998386125,0.2602208484747727,5.604451654111652,5.5085146786495205,5.954625956645168,0.5643969957632705,4.104410776847315e-06,8.405833270983301,0.9999999994174006
650.0,0.4948944222294061,4.0,4.4947922841522265,0.050649635346207623,0.2632023858732664,5.608782183362572,5.5085146786495205,6.805286807594477,0.5643969957632705,4.104410776847315e-06,8.405833270983301,0.9999999988843165
650.0,0.4948944222294061,4.5,4.630270715258857,0.06354639206711171,0.2667808698313942,5.6143254473487465,5.5085146786495205,7.655947658543787,0.5643969957632705,4.104410776847315e-06,8.405833270983301,0.9999999988716048
650.0,0.4948944222294061,5.0,4.7850440827385965,0.07782595178843857,0.2710502838951271,5.621500384184079,5.5085146786495205,8.506608509493097,0.5643969957632705,4.104410776847315e-06,8.405833270983301,1.00000000118887
650.0,0.4948944222294061,5.5,4.961797068603117,0.09357900686133318,0.27612916236523294,5.63096711603948,5.5085146786495205,9.357269360442405,0.5643969957632705,4.104410776847315e-06,8.405833270983301,0.9999999995669655
650.0,0.4948944222294061,6.0,5.1625071863706795,0.11080067788835146,0.2821673931423374,5.643827782366681,5.5085146786495205,10.207930211391716,0.5643969957632705,4.104410776847315e-06,8.405833270983301,1.0000000005677643
550.0,0.4965808091338207,0.0,3.3756951268225848,-0.07369677455842825,0.2982480949007075,4.716516543956398,4.64522196743827,0.0,0.47594487371293753,3.461168793449737e-06,7.0884736889850615,1.00000000028744
550.0,0.4965808091338207,0.5,3.3842963984468186,-0.07259159955764707,0.29852277293037566,4.716753880721525,4.64522196743827,0.8535595365167823,0.47594487371293753,3.461168793449737e-06,7.0884736889850615,0.9999999965582097
550.0,0.4965808091338207,1.0,3.4102481931138837,-0.06927400383770868,0.2993548308709984,4.717478238518238,4.64522196743827,1.7071190730335646,0.47594487371293753,3.461168793449737e-06,7.0884736889850615,0.9999999989817706
550.0,0.4965808091338207,1.5,3.454000551465488,-0.06373758875709007,0.3007688121822604,4.718728729776059,4.64522196743827,2.560678609550347,0.47594487371293753,3.461168793449737e-06,7.0884736889850615,1.0000000020726878
550.0,0.4965808091338207,2.0,3.516319837550454,-0.05597162055595708,0.3028073003270419,4.720576345411454,4.64522196743827,3.414238146067129,0.47594487371293753,3.461168793449737e-06,7.0884736889850615,1.0000000077829772
550.0,0.4965808091338207,2.5,3.5983159385533887,-0.04596069881467125,0.3055334860492876,4.723134887135519,4.64522196743827,4.267797682583912,0.47594487371293753,3.461168793449737e-06,7.0884736889850615,0.9999999985252753
550.0,0.4965808091338207,3.0,3.7014810678030714,-0.03368445891723421,0.30903529150962544,4.726580696865446,4.64522196743827,5.121357219100694,0.47594487371293753,3.461168793449737e-06,7.0884736889850615,1.0000000051665603
550.0,0.4965808091338207,3.5,3.8267331507155555,-0.019231812670840964,0.3134312000101695,4.731187207091208,4.64522196743827,5.9749167556174765,0.47594487371293753,3.461168793449737e-06,7.0884736889850615,0.9999999986718434
550.0,0.4965808091338207,4.0,3.9701458827322798,-0.0032535261513428632,0.31887853300597246,4.737389943191865,4.64522196743827,6.828476292134258,0.47594487371293753,3.461168793449737e-06,7.0884736889850615,1.0000000024344822
550.0,0.4965808091338207,4.5,4.138802734756115,0.014814736051655845,0.3255850246449066,4.745916040538565,4.64522196743827,7.68203582865104,0.47594487371293753,3.461168793449737e-06,7.0884736889850615,0.9999999969146532
550.0,0.4965808091338207,5.0,4.335350685495119,0.03496424188345029,0.333824938390895,4.758062060479776,4.64522196743827,8.535595365167824,0.47594487371293753,3.461168793449737e-06,7.0884736889850615,0.9999999960327765
550.0,0.4965808091338207,5.5,4.562978791347432,0.05718845885557188,0.34396171683245613,4.776378332692634,4.64522196743827,9.389154901684604,0.47594487371293753,3.461168793449737e-06,7.0884736889850615,1.0000000001932812
550.0,0.4965808091338207,6.0,4.878587811647289,0.08623413510790823,0.35709076912552806,4.806635549195805,4.64522196743827,10.242714438201387,0.47594487371293753,3.461168793449737e-06,7.0884736889850615,1.0000000019995974
450.0,0.49773110210232996,0.0,2.7555493488307743,-0.1618517981646287,0.3653698457505898,3.850049724034715,3.791852607139089,0.0,0.388509488436382,2.825320728522376e-06,5.786256852013826,1.00000000028744
450.0,0.49773110210232996,0.5,2.7661429071100616,-0.1601853780398123,0.3658778026037096,3.850342453000353,3.791852607139089,0.8555367444857569,0.388509488436382,2.825320728522376e-06,5.786256852013826,0.9999999997069787
450.0,0.49773110210232996,1.0,2.7981992642396194,-0.1551813532671031,0.3674241629700374,3.8512439624832506,3.791852607139089,1.7110734889715138,0.388509488436382,2.825320728522376e-06,5.786256852013826,1.0000000059716971
450.0,0.49773110210232996,1.5,2.852560340451449,-0.14682515147243969,0.37007827385113523,3.8528290875231925,3.791852607139089,2.5666102334572707,0.388509488436382,2.825320728522376e-06,5.786256852013826,1.000000001056297
450.0,0.49773110210232996,2.0,2.9306771390573467,-0.1350920147350028,0.37396299520029835,3.8552408881086624,3.791852607139089,3.4221469779430276,0.388509488436382,2.825320728522376e-06,5.786256852013826,0.9999999970863368
450.0,0.49773110210232996,2.5,3.0346868558721054,-0.11994610770686069,0.3792662044523196,3.8587261830897237,3.791852607139089,4.277683722428785,0.388509488436382,2.825320728522376e-06,5.786256852013826,0.9999999985203438
450.0,0.49773110210232996,3.0,3.16445727805022,-0.10176075449713765,0.38625971997410724,3.8637090586337774,3.791852607139089,5.133220466914541,0.388509488436382,2.825320728522376e-06,5.786256852013826,0.9999999995092315
450.0,0.49773110210232996,3.5,3.3201307296100797,-0.08090480701232725,0.3953283593146245,3.8709494054605926,3.791852607139089,5.988757211400299,0.388509488436382,2.825320728522376e-06,5.786256852013826,0.9999999986151384
450.0,0.49773110210232996,4.0,3.508764100505329,-0.056905820403143556,0.4070132069784545,3.8819225374615516,3.791852607139089,6.844293955886055,0.388509488436382,2.825320728522376e-06,5.786256852013826,0.9999999988725109
450.0,0.49773110210232996,4.5,3.7349333293702993,-0.029777137504526357,0.4220774504150053,3.8998783574384133,3.791852607139089,7.699830700371813,0.388509488436382,2.825320728522376e-06,5.786256852013826,0.9999999991876095
450.0,0.49773110210232996,5.0,4.098924612227281,0.010609939480665215,0.4431356449220217,3.9336020090847352,3.791852607139089,8.55536744485757,0.388509488436382,2.825320728522376e-06,5.786256852013826,1.0000000014960317
450.0,0.49773110210232996,5.5,4.650822588613611,0.06546978179875995,0.47262668074942,4.0177831558581385,3.791852607139089,9.410904189343327,0.388509488436382,2.825320728522376e-06,5.786256852013826,0.9999999993708591
450.0,0.49773110210232996,6.0,5.328732280319119,0.12456391016632114,0.5123153307787206,6.99808936757051,3.791852607139089,10.266440933829083,0.388509488436382,2.825320728522376e-06,5.786256852013826,1.000000001072438
650.0,0.5141335753803026,0.0,3.8532558765044786,-0.016232141914184376,0.2612841380920081,5.38376376030647,5.3023831155472525,0.0,0.5432769585601692,3.950821532123227e-06,8.09128249778837,1.00000000028744
650.0,0.5141335753803026,0.5,3.861331214046994,-0.01532293555641828,0.26148202146100735,5.38398644581999,5.3023831155472525,0.8837305192578753,0.5432769585601692,3.950821532123227e-06,8.09128249778837,0.9999999998273064
650.0,0.5141335753803026,1.0,3.885671408933068,-0.012593919542048368,0.26208042779388935,5.384664095607912,5.3023831155472525,1.7674610385157505,0.5432769585601692,3.950821532123227e-06,8.09128249778837,0.9999999954468122
650.0,0.5141335753803026,1.5,3.9266230315169004,-0.008040781728134995,0.26309384145007225,5.385826590146413,5.3023831155472525,2.6511915577736254,0.5432769585601692,3.950821532123227e-06,8.09128249778837,0.9999999982627981
650.0,0.5141335753803026,2.0,3.984774188857857,-0.001656275711673228,0.2645471950155216,5.387526863738301,5.3023831155472525,3.534922077031501,0.5432769585601692,3.950821532123227e-06,8.09128249778837,0.9999999961257368
650.0,0.5141335753803026,2.5,4.060971237025372,0.006569922159759466,0.2664770891533,5.389849062352911,5.3023831155472525,4.418652596289377,0.5432769585601692,3.950821532123227e-06,8.09128249778837,1.000000005683723
650.0,0.5141335753803026,3.0,4.156343340713095,0.016651424558663683,0.26893384353521793,5.392917337937877,5.3023831155472525,5.302383115547251,0.5432769585601692,3.950821532123227e-06,8.09128249778837,1.0000000056851732
650.0,0.5141335753803026,3.5,4.272335444146295,0.028605352838242275,0.27198399917424354,5.396916975521546,5.3023831155472525,6.186113634805127,0.5432769585601692,3.950821532123227e-06,8.09128249778837,1.000000001354798
650.0,0.5141335753803026,4.0,4.40744921900617,0.0421273258924151,0.27571415123860044,5.4021248821711625,5.3023831155472525,7.069844154063002,0.5432769585601692,3.950821532123227e-06,8.09128249778837,0.9999999969588121
650.0,0.5141335753803026,4.5,4.561193611508675,0.05701851604238537,0.28023602587239343,5.408968905205762,5.3023831155472525,7.953574673320877,0.5432769585601692,3.950821532123227e-06,8.09128249778837,1.0000000019519713
650.0,0.5141335753803026,5.0,4.739012354068446,0.07362784952943874,0.28569331353405836,5.418139095135043,5.3023831155472525,8.837305192578754,0.5432769585601692,3.950821532123227e-06,8.09128249778837,1.0000000015237747
650.0,0.5141335753803026,5.5,4.9432087452405,0.09194895920804895,0.2922709556773502,5.430809604948314,5.3023831155472525,9.72103571183663,0.5432769585601692,3.950821532123227e-06,8.09128249778837,0.9999999986995854
650.0,0.5141335753803026,6.0,5.176509047526994,0.11197698608181839,0.3002076671432973,5.44915866787654,5.3023831155472525,10.604766231094501,0.5432769585601692,3.950821532123227e-06,8.09128249778837,1.00000000225397
450.0,0.5239274758971895,0.0,2.617771881389236,-0.18412819287578083,0.38459983763219974,3.65754723783298,3.602259976782134,0.0,0.369084014014563,2.6840546920962575e-06,5.496944009413135,1.00000000028744
450.0,0.5239274758971895,0.5,2.630133761477623,-0.18208215523577095,0.38525685811894145,3.657889167836915,3.602259976782134,0.9005649941955337,0.369084014014563,2.6840546920962575e-06,5.496944009413135,0.9999999991905593
450.0,0.5239274758971895,1.0,2.667615048197891,-0.17593683268973148,0.3872636488484352,3.65894865474485,3.602259976782134,1.8011299883910674,0.369084014014563,2.6840546920962575e-06,5.496944009413135,0.9999999982627981
450.0,0.5239274758971895,1.5,2.7314280986503214,-0.16567021857342562,0.3907314770481822,3.660835252107678,3.602259976782134,2.701694982586601,0.369084014014563,2.6840546920962575e-06,5.496944009413135,0.9999999980101957
450.0,0.5239274758971895,2.0,2.8236792664255588,-0.15124462640293282,0.39585989916091235,3.663765869272362,3.602259976782134,3.602259976782135,0.369084014014563,2.6840546920962575e-06,5.496944009413135,1.0000000056851732
450.0,0.5239274758971895,2.5,2.9475065694665505,-0.13260520959479918,0.4029604820296363,3.668134506880775,3.602259976782134,4.502824970977669,0.369084014014563,2.6840546920962575e-06,5.496944009413135,1.000000004529754
450.0,0.5239274758971895,3.0,3.098720864758992,-0.1108775349192112,0.41249626110584037,3.674670761860033,3.602259976782134,5.403389965173202,0.369084014014563,2.6840546920962575e-06,5.496944009413135,1.0000000019519713
450.0,0.5239274758971895,3.5,3.2865384014894263,-0.08532128017711058,0.42514420725062574,3.684837077345606,3.602259976782134,6.303954959368736,0.369084014014563,2.6840546920962575e-06,5.496944009413135,0.9999999997698662
450.0,0.5239274758971895,4.0,3.5167453869339194,-0.055919064879778095,0.4418937210746248,3.7019743290279394,3.602259976782134,7.20451995356427,0.369084014014563,2.6840546920962575e-06,5.496944009413135,1.00000000225397
450.0,0.5239274758971895,4.5,3.8803099248925785,-0.013193576740138765,0.46571023786549054,3.7356663027626684,3.602259976782134,8.105084947759803,0.369084014014563,2.6840546920962575e-06,5.496944009413135,0.999999998503826
450.0,0.5239274758971895,5.0,4.468413898644914,0.048093402652808356,0.5003764913382551,3.828783029755477,3.602259976782134,9.005649941955339,0.369084014014563,2.6840546920962575e-06,5.496944009413135,1.000000001022848
450.0,0.5239274758971895,5.5,5.185471788158672,0.11272828447380083,0.5494732415486454,6.648979079907874,3.602259976782134,9.906214936150871,0.369084014014563,2.6840546920962575e-06,5.496944009413135,1.0000000016235995
450.0,0.5239274758971895,6.0,5.917273927754844,0.17006168316431095,0.6233871792693991,6.654284623554514,3.602259976782134,10.806779930346403,0.369084014014563,2.6840546920962575e-06,5.496944009413135,1.00000000065351
650.0,0.5398402541493177,0.0,3.6697675014328377,-0.03742144098412234,0.27434834499660854,5.127394057434734,5.049888681473575,0.0,0.5174066272001613,3.762687173450693e-06,7.705983331227019,1.00000000028744
650.0,0.5398402541493177,0.5,3.679118069506004,-0.03631626598334115,0.2746010120350064,5.127652069700308,5.049888681473575,0.927917045220769,0.5174066272001613,3.762687173450693e-06,7.705983331227019,0.9999999965582097
650.0,0.5398402541493177,1.0,3.707330644722385,-0.032998670263402766,0.27536639402018603,5.128439529646162,5.049888681473575,1.855834090441538,0.5174066272001613,3.762687173450693e-06,7.705983331227019,0.9999999989817706
650.0,0.5398402541493177,1.5,3.75489447284003,-0.02746225518278417,0.27666706765141247,5.129798956965979,5.049888681473575,2.783751135662307,0.5174066272001613,3.762687173450693e-06,7.705983331227019,1.0000000020726878
650.0,0.5398402541493177,2.0,3.822642679415299,-0.01969628698165115,0.278542204017337,5.131807526922443,5.049888681473575,3.711668180883076,0.5174066272001613,3.762687173450693e-06,7.705983331227019,1.0000000077829772
650.0,0.5398402541493177,2.5,3.9117818390253687,-0.009685365240365335,0.2810499301481626,5.134588955018667,5.049888681473575,4.639585226103844,0.5174066272001613,3.762687173450693e-06,7.705983331227019,0.9999999985252753
650.0,0.5398402541493177,3.0,4.023934158585684,0.0025908746570717446,0.28427112266865007,5.13833494512972,5.049888681473575,5.567502271324614,0.5174066272001613,3.762687173450693e-06,7.705983331227019,1.0000000051665603
650.0,0.5398402541493177,3.5,4.160097528229687,0.01704352090346494,0.28831477036498243,5.143342749711122,5.049888681473575,6.495419316545384,0.5174066272001613,3.762687173450693e-06,7.705983331227019,0.9999999986718434
650.0,0.5398402541493177,4.0,4.316003604896643,0.033021807422963075,0.29332558792792957,5.150085834766786,5.049888681473575,7.423336361766152,0.5174066272001613,3.762687173450693e-06,7.705983331227019,1.0000000024344822
650.0,0.5398402541493177,4.5,4.499352933315887,0.051090069625961715,0.2994946629809913,5.159354679784323,5.049888681473575,8.35125340698692,0.5174066272001613,3.762687173450693e-06,7.705983331227019,0.9999999969146532
650.0,0.5398402541493177,5.0,4.713023082721275,0.07123957545775618,0.30707428121754476,5.172558795552314,5.049888681473575,9.279170452207689,0.5174066272001613,3.762687173450693e-06,7.705983331227019,0.9999999960327765
650.0,0.5398402541493177,5.5,4.960480922924933,0.09346379242987778,0.3163987611944092,5.192470682730767,5.049888681473575,10.20708749742846,0.5174066272001613,3.762687173450693e-06,7.705983331227019,1.0000000001932812
650.0,0.5398402541493177,6.0,5.303584100890431,0.12250946868221411,0.3284757327813605,5.225363744940348,5.049888681473575,11.135004542649227,0.5174066272001613,3.762687173450693e-06,7.705983331227019,1.0000000019995974
450.0,0.5470044002605323,0.0,2.507333786780614,-0.20284783841977921,0.4015399329154138,3.503243285391968,3.4502884734784955,0.0,0.35351316326623927,2.570820270056728e-06,5.265039913076179,1.00000000028744
450.0,0.5470044002605323,0.5,2.521409117013611,-0.200416672487705,0.40235565244897326,3.5036329682877456,3.4502884734784955,0.9402313053003988,0.35351316326623927,2.570820270056728e-06,5.265039913076179,1.000000001651604
450.0,0.5470044002605323,1.0,2.564171342286129,-0.19311294921631308,0.40485569625308426,3.5048480109011155,3.4502884734784955,1.8804626106007976,0.35351316326623927,2.570820270056728e-06,5.265039913076179,1.0000000009748824
450.0,0.5470044002605323,1.5,2.637269484203518,-0.18090548173823576,0.4092057352610105,3.507040376188552,3.4502884734784955,2.8206939159011966,0.35351316326623927,2.570820270056728e-06,5.265039913076179,1.0000000027987181
450.0,0.5470044002605323,2.0,2.7435909734305675,-0.16374062599256425,0.4157071369203545,3.5105204399897803,3.4502884734784955,3.760925221201595,0.35351316326623927,2.570820270056728e-06,5.265039913076179,1.0000000008554213
450.0,0.5470044002605323,2.5,2.8844079311612965,-0.14200331027223,0.42484017277372765,3.5158845105431307,3.4502884734784955,4.701156526501994,0.35351316326623927,2.570820270056728e-06,5.265039913076179,0.9999999974016304
450.0,0.5470044002605323,3.0,3.0604791298919074,-0.11627056903619196,0.43733807680803805,3.5243337822491956,3.4502884734784955,5.641387831802393,0.35351316326623927,2.570820270056728e-06,5.265039913076179,1.0000000014150825
450.0,0.5470044002605323,3.5,3.281722606427161,-0.08595812259058021,0.45430873153706397,3.53859378306477,3.4502884734784955,6.581619137102791,0.35351316326623927,2.570820270056728e-06,5.265039913076179,0.9999999995848265
450.0,0.5470044002605323,4.0,3.5730549624663537,-0.049020294545545094,0.4778548973803446,3.5663184776282693,3.4502884734784955,7.52185044240319,0.35351316326623927,2.570820270056728e-06,5.265039913076179,1.0000000023526838
450.0,0.5470044002605323,4.5,4.163351871221635,0.01738312608583933,0.5146990013833269,3.6400671991022864,3.4502884734784955,8.46208174770359,0.35351316326623927,2.570820270056728e-06,5.265039913076179,0.9999999997866088
450.0,0.5470044002605323,5.0,4.896887260413368,0.08786011417198268,0.5673733023533837,6.368024065732629,3.4502884734784955,9.402313053003988,0.35351316326623927,2.570820270056728e-06,5.265039913076179,0.999999996292818
450.0,0.5470044002605323,5.5,5.661020719945854,0.15083475312414277,0.6498602036576784,6.373500093297081,3.4502884734784955,10.342544358304387,0.35351316326623927,2.570820270056728e-06,5.265039913076179,1.0000000020748954
450.0,0.5470044002605323,6.0,6.34358273293012,0.20027461697499274,0.7778459369409038,6.380621023896983,3.4502884734784955,11.282775663604786,0.35351316326623927,2.570820270056728e-06,5.265039913076179,0.9999999991418719
550.0,0.5470044002605323,0.0,3.0645190727318616,-0.11569766270087903,0.32853267238533856,4.281741793256851,4.217019245362605,0.0,0.43207164399207026,3.1421136634026673e-06,6.435048782648662,1.00000000028744
550.0,0.5470044002605323,0.5,3.076023262797929,-0.11407037578160802,0.3289786831949643,4.2820596458390865,4.217019245362605,0.9402313053003988,0.43207164399207026,3.1421136634026673e-06,6.435048782648662,1.0000000027641482
550.0,0.5470044002605323,1.0,3.1108283739976206,-0.10918393980840964,0.3303358936615323,4.283037880267781,4.217019245362605,1.8804626106007976,0.43207164399207026,3.1421136634026673e-06,6.435048782648662,1.0000000006445806
550.0,0.5470044002605323,1.5,3.169826453948521,-0.10102450581548184,0.33266376914083146,4.284755839801538,4.217019245362605,2.8206939159011966,0.43207164399207026,3.1421136634026673e-06,6.435048782648662,0.999999995853581
550.0,0.5470044002605323,2.0,3.2545543744594982,-0.08956845954886236,0.3360673636353411,4.287364158347418,4.217019245362605,3.760925221201595,0.43207164399207026,3.1421136634026673e-06,6.435048782648662,0.9999999973642288
550.0,0.5470044002605323,2.5,3.367272828839117,-0.07478168537675124,0.3407070516607165,4.291121862102163,4.217019245362605,4.701156526501994,0.43207164399207026,3.1421136634026673e-06,6.435048782648662,0.9999999995112628
550.0,0.5470044002605323,3.0,3.508290879788322,-0.056964396870623796,0.3468142693820254,4.2964705805838035,4.217019245362605,5.641387831802393,0.43207164399207026,3.1421136634026673e-06,6.435048782648662,1.0000000021255002
550.0,0.5470044002605323,3.5,3.676768456919628,-0.036593710126045606,0.354715385365739,4.304192599122216,4.217019245362605,6.581619137102791,0.43207164399207026,3.1421136634026673e-06,6.435048782648662,0.9999999995027574
550.0,0.5470044002605323,4.0,3.8806769441986684,-0.013152500917645004,0.3648676279324172,4.315784484161389,4.217019245362605,7.52185044240319,0.43207164399207026,3.1421136634026673e-06,6.435048782648662,1.0000000009488788
550.0,0.5470044002605323,4.5,4.1248289400445435,0.013345951391884742,0.377913030789256,4.334467966315276,4.217019245362605,8.46208174770359,0.43207164399207026,3.1421136634026673e-06,6.435048782648662,0.9999999957677163
550.0,0.5470044002605323,5.0,4.490690903108397,0.050253172019284156,0.3957654150469967,4.368629179870767,4.217019245362605,9.402313053003988,0.43207164399207026,3.1421136634026673e-06,6.435048782648662,0.9999999994264418
550.0,0.5470044002605323,5.5,5.088541175937554,0.10453330180473949,0.42111736476817657,4.448971021125017,4.217019245362605,10.342544358304387,0.43207164399207026,3.1421136634026673e-06,6.435048782648662,0.9999999997866088
550.0,0.5470044002605323,6.0,5.819168392566654,0.16280093347231397,0.45438145533484026,7.782081143154505,4.217019245362605,11.282775663604786,0.43207164399207026,3.1421136634026673e-06,6.435048782648662,1.000000003875101
650.0,0.5470044002605323,0.0,3.621704358683109,-0.04314699555226735,0.2779891843260557,5.060240301121731,4.983750017246716,0.0,0.5106301247179011,3.7134070567486065e-06,7.605057652221146,1.00000000028744
650.0,0.5470044002605323,0.5,3.631432837822069,-0.0419819748925046,0.27825910026245676,5.060508728370981,4.983750017246716,0.9402313053003988,0.5106301247179011,3.7134070567486065e-06,7.605057652221146,1.0000000000525855
650.0,0.5470044002605323,1.0,3.6607951330758297,-0.03848456593296646,0.2790771794422909,5.0613289970486885,4.983750017246716,1.8804626106007976,0.5106301247179011,3.7134070567486065e-06,7.605057652221146,1.0000000044429187
650.0,0.5470044002605323,1.5,3.7103277788410627,-0.0326477134504102,0.2804688560921512,5.062747677370843,4.983750017246716,2.8206939159011966,0.5106301247179011,3.7134070567486065e-06,7.605057652221146,1.0000000065922379
650.0,0.5470044002605323,2.0,3.7809468545743963,-0.024459418415913498,0.28247842451136873,5.064850145507034,4.983750017246716,3.760925221201595,0.5106301247179011,3.7134070567486065e-06,7.605057652221146,0.9999999996243453
650.0,0.5470044002605323,2.5,3.873980548731318,-0.013902555533373788,0.2851717866006747,5.067774600909912,4.983750017246716,4.701156526501994,0.5106301247179011,3.7134070567486065e-06,7.605057652221146,0.999999996578512
650.0,0.5470044002605323,3.0,3.991219446925364,-0.0009543843235258471,0.2886410457408628,5.071736831564172,4.983750017246716,5.641387831802393,0.5106301247179011,3.7134070567486065e-06,7.605057652221146,1.000000000868756
650.0,0.5470044002605323,3.5,4.132443728938227,0.014146957212436384,0.2930109351334054,5.077076570968936,4.983750017246716,6.581619137102791,0.5106301247179011,3.7134070567486065e-06,7.605057652221146,0.9999999972787789
650.0,0.5470044002605323,4.0,4.295788671232459,0.03098291703041806,0.2984481104312145,5.084345621116555,4.983750017246716,7.52185044240319,0.5106301247179011,3.7134070567486065e-06,7.605057652221146,1.0000000010792818
650.0,0.5470044002605323,4.5,4.488279473332234,0.05001990013474576,0.30517425199355247,5.094488950534703,4.983750017246716,8.46208174770359,0.5106301247179011,3.7134070567486065e-06,7.605057652221146,1.0000000029270157
650.0,0.5470044002605323,5.0,4.713124725817833,0.07124894153960787,0.31348433610097787,5.109250752424151,4.983750017246716,9.402313053003988,0.5106301247179011,3.7134070567486065e-06,7.605057652221146,1.0000000015124235
650.0,0.5470044002605323,5.5,4.974205415205227,0.09466372463773559,0.3237726776944483,5.132234507026534,4.983750017246716,10.342544358304387,0.5106301247179011,3.7134070567486065e-06,7.605057652221146,1.0000000004099794
650.0,0.5470044002605323,6.0,5.410614177772027,0.13118657486507096,0.3378252970431227,5.172241858751394,4.983750017246716,11.282775663604786,0.5106301247179011,3.7134070567486065e-06,7.605057652221146,1.0000000025980922
450.0,0.550123849692049,0.0,2.493116077513558,-0.20531749194571897,0.40382982951380975,3.483378321745695,3.430723787411557,0.0,0.35150858477577424,2.5562425639011974e-06,5.235184770869652,1.00000000028744
450.0,0.550123849692049,0.5,2.507434643207519,-0.2028303694617259,0.4046691855519237,3.4837747874822638,3.430723787411557,0.9455932439053104,0.35150858477577424,2.5562425639011974e-06,5.235184770869652,0.9999999999564586
450.0,0.550123849692049,1.0,2.550948466339946,-0.19535830614438082,0.40724289684757065,3.4850121292508875,3.430723787411557,1.8911864878106208,0.35150858477577424,2.5562425639011974e-06,5.235184770869652,1.0000000020726878
450.0,0.550123849692049,1.5,2.6253750075083615,-0.18286864470625042,0.4117256905914655,3.487249022385058,3.430723787411557,2.836779731715932,0.35150858477577424,2.5562425639011974e-06,5.235184770869652,1.0000000054500038
450.0,0.550123849692049,2.0,2.733724940805916,-0.16530517630452493,0.41843576276867783,3.4908111912678073,3.430723787411557,3.7823729756212416,0.35150858477577424,2.5562425639011974e-06,5.235184770869652,1.0000000051665603
450.0,0.550123849692049,2.5,2.8769660784653106,-0.1431252500570952,0.4278820255525453,3.4963295383488466,3.430723787411557,4.727966219526552,0.35150858477577424,2.5562425639011974e-06,5.235184770869652,1.0000000005797343
450.0,0.550123849692049,3.0,3.0567083969428195,-0.11680598133563488,0.4408442073649278,3.5050912889557395,3.430723787411557,5.673559463431864,0.35150858477577424,2.5562425639011974e-06,5.235184770869652,0.9999999969146532
450.0,0.550123849692049,3.5,3.2828918634251893,-0.0858034137741303,0.4585061373077319,3.5200752522618766,3.430723787411557,6.619152707337173,0.35150858477577424,2.5562425639011974e-06,5.235184770869652,1.0000000008587555
450.0,0.550123849692049,4.0,3.6030758856555893,-0.04538658227938251,0.48350318705279716,3.5499356180686528,3.430723787411557,7.564745951242483,0.35150858477577424,2.5562425639011974e-06,5.235184770869652,1.0000000019995974
450.0,0.550123849692049,4.5,4.204959615519394,0.021701837856788433,0.5221711748258265,3.6344073767206972,3.430723787411557,8.510339195147795,0.35150858477577424,2.5562425639011974e-06,5.235184770869652,1.00000000115665
450.0,0.550123849692049,5.0,4.957176641660141,0.09317440329464934,0.5785646474180051,6.332474638993472,3.430723787411557,9.455932439053104,0.35150858477577424,2.5562425639011974e-06,5.235184770869652,1.0000000011682904
450.0,0.550123849692049,5.5,5.721373451102998,0.1554403050585654,0.6678333186967784,6.338145340968903,3.430723787411557,10.401525682958415,0.35150858477577424,2.5562425639011974e-06,5.235184770869652,1.000000000546213
450.0,0.550123849692049,6.0,6.381063738387399,0.20283309134358796,0.8021219822120834,3.3317101500085786,3.430723787411557,11.347118926863727,0.35150858477577424,2.5562425639011974e-06,5.235184770869652,0.9999999995456461
550.0,0.5502624373878341,0.0,3.046374427126609,-0.11827671030517854,0.33048946038129123,4.256390119611502,4.192050786070419,0.0,0.4295134002121331,3.1235095896407637e-06,6.396947639584284,1.00000000028744
550.0,0.5502624373878341,0.5,3.058086046462328,-0.11661029018036222,0.3309489246426062,4.256713743659597,4.192050786070419,0.9458314586071384,0.4295134002121331,3.1235095896407637e-06,6.396947639584284,0.9999999997069787
550.0,0.5502624373878341,1.0,3.0935256827104545,-0.11160626540765295,0.33234766022236595,4.257710399892837,4.192050786070419,1.8916629172142767,0.4295134002121331,3.1235095896407637e-06,6.396947639584284,1.0000000059716971
550.0,0.5502624373878341,1.5,3.1536241137086383,-0.10325006361298959,0.3347483938436208,4.259462821560598,4.192050786070419,2.8374943758214153,0.4295134002121331,3.1235095896407637e-06,6.396947639584284,1.000000001056297
550.0,0.5502624373878341,2.0,3.239985483975145,-0.0915169268755527,0.33826225651550906,4.262129167430986,4.192050786070419,3.7833258344285534,0.4295134002121331,3.1235095896407637e-06,6.396947639584284,0.9999999970863368
550.0,0.5502624373878341,2.5,3.3549725523837037,-0.07637101984741052,0.3430591897719717,4.265982306009616,4.192050786070419,4.7291572930356915,0.4295134002121331,3.1235095896407637e-06,6.396947639584284,0.9999999985203438
550.0,0.5502624373878341,3.0,3.4984391521339773,-0.05818566663768746,0.34938506257687063,4.271491082195171,4.192050786070419,5.674988751642831,0.4295134002121331,3.1235095896407637e-06,6.396947639584284,0.9999999995092315
550.0,0.5502624373878341,3.5,3.6705426283485174,-0.03732971915287713,0.3575879555000211,4.279495586787366,4.192050786070419,6.620820210249968,0.4295134002121331,3.1235095896407637e-06,6.396947639584284,0.9999999986151384
550.0,0.5502624373878341,4.0,3.879084666415014,-0.013330732543693408,0.3681572978909442,4.29162684066144,4.192050786070419,7.566651668857107,0.4295134002121331,3.1235095896407637e-06,6.396947639584284,0.9999999988725109
550.0,0.5502624373878341,4.5,4.1291241568380554,0.01379795035492379,0.38178341877174776,4.3114777465502465,4.192050786070419,8.512483127464245,0.4295134002121331,3.1235095896407637e-06,6.396947639584284,0.9999999991876095
550.0,0.5502624373878341,5.0,4.531531660903632,0.05418502734011534,0.4008312723923196,4.348760646240747,4.192050786070419,9.458314586071383,0.4295134002121331,3.1235095896407637e-06,6.396947639584284,1.0000000014960317
550.0,0.5502624373878341,5.5,5.141677830980259,0.1090448696582101,0.4275069179882491,4.441826405663819,4.192050786070419,10.404146044678523,0.4295134002121331,3.1235095896407637e-06,6.396947639584284,0.9999999993708591
550.0,0.5502624373878341,6.0,5.891135194024483,0.16813899802577123,0.46340665269268133,7.736678893868966,4.192050786070419,11.349977503285661,0.4295134002121331,3.1235095896407637e-06,6.396947639584284,1.000000001072438
450.0,0.5747303715656585,0.0,2.3863757374691192,-0.2243211664687785,0.42189275759575,3.3342408668473325,3.2838406851887068,0.0,0.3364590865972036,2.4467995247391358e-06,5.01104542666575,1.00000000028744
450.0,0.5747303715656585,0.5,2.402712982826366,-0.22135809627083056,0.422938478300561,3.334693817282857,3.2838406851887068,0.9878887394609356,0.3364590865972036,2.4467995247391358e-06,5.01104542666575,0.9999999960507798
450.0,0.5747303715656585,1.0,2.4524846473872115,-0.21245369396135297,0.4261585339614941,3.3361183229793765,3.2838406851887068,1.9757774789218712,0.3364590865972036,2.4467995247391358e-06,5.01104542666575,0.9999999998317264
450.0,0.5747303715656585,1.5,2.538040852713963,-0.1975613830391526,0.43181527189170177,3.338736546810584,3.2838406851887068,2.9636662183828073,0.3364590865972036,2.4467995247391358e-06,5.01104542666575,0.9999999970863368
450.0,0.5747303715656585,2.0,2.6635413936130665,-0.17660054086299853,0.44039492778549133,3.343024715753746,3.2838406851887068,3.9515549578437423,0.3364590865972036,2.4467995247391358e-06,5.01104542666575,0.9999999970125691
450.0,0.5747303715656585,2.5,2.8273775254625457,-0.1506761898145717,0.4526949583435888,3.3499730227943925,3.2838406851887068,4.939443697304678,0.3364590865972036,2.4467995247391358e-06,5.01104542666575,1.0000000029490355
450.0,0.5747303715656585,3.0,3.038678846924472,-0.11937518870729331,0.46997836922548697,3.3618435329650542,3.2838406851887068,5.927332436765615,0.3364590865972036,2.4467995247391358e-06,5.01104542666575,0.9999999988725109
450.0,0.5747303715656585,3.5,3.307885539764116,-0.08250951774759267,0.4942412167917897,3.3849459558713493,3.2838406851887068,6.915221176226548,0.3364590865972036,2.4467995247391358e-06,5.01104542666575,0.9999999998676542
450.0,0.5747303715656585,4.0,3.8622394145756225,-0.015220799770049968,0.5333665873319503,3.445564196974378,3.2838406851887068,7.903109915687485,0.3364590865972036,2.4467995247391358e-06,5.01104542666575,0.9999999990459424
450.0,0.5747303715656585,4.5,4.61481752472254,0.062094541862171386,0.5915707882701328,6.060523170269841,3.2838406851887068,8.89099865514842,0.3364590865972036,2.4467995247391358e-06,5.01104542666575,1.000000001072438
450.0,0.5747303715656585,5.0,5.415894699018012,0.1316102204643411,0.6874254031018298,6.066264701917124,3.2838406851887068,9.878887394609356,0.3364590865972036,2.4467995247391358e-06,5.01104542666575,1.0000000024816942
450.0,0.5747303715656585,5.5,6.1108236383096175,0.18403975859801733,0.8389364093807508,3.1886953729731378,3.2838406851887068,10.86677613407029,0.3364590865972036,2.4467995247391358e-06,5.01104542666575,1.0000000006526777
450.0,0.5747303715656585,6.0,6.606883631054497,0.2179366661938461,0.9984853220932511,6.084991652550155,3.2838406851887068,11.85466487353123,0.3364590865972036,2.4467995247391358e-06,5.01104542666575,0.9999999971954336
550.0,0.5792236183029833,0.0,2.894055705770278,-0.14055310501633084,0.3478836425066224,4.043570613630926,3.982448246766898,0.0,0.4080377302015264,2.9673341101587253e-06,6.0771002576050694,1.00000000028744
550.0,0.5792236183029833,0.5,2.90772227842246,-0.13850706737632093,0.34847793989774034,4.043948631473465,3.982448246766898,0.9956120616917247,0.4080377302015264,2.9673341101587253e-06,6.0771002576050694,0.9999999991905593
550.0,0.5792236183029833,1.0,2.9491593999927463,-0.13236174483028146,0.3502931504111479,4.045119938321436,3.982448246766898,1.9912241233834493,0.4080377302015264,2.9673341101587253e-06,6.0771002576050694,0.9999999982627981
550.0,0.5792236183029833,1.5,3.0197073816856563,-0.12209513071397562,0.35342991904095905,4.047205650182428,3.982448246766898,2.986836185075174,0.4080377302015264,2.9673341101587253e-06,6.0771002576050694,0.9999999980101957
550.0,0.5792236183029833,2.0,3.1216948850131856,-0.1076695385434828,0.35806875138127386,4.050445569362238,3.982448246766898,3.9824482467668987,0.4080377302015264,2.9673341101587253e-06,6.0771002576050694,1.0000000056851732
550.0,0.5792236183029833,2.5,3.2585911193427197,-0.08903012173534924,0.3644914702453782,4.055275279959619,3.982448246766898,4.978060308458623,0.4080377302015264,2.9673341101587253e-06,6.0771002576050694,1.000000004529754
550.0,0.5792236183029833,3.0,3.425764812817065,-0.06730244705976116,0.3731169069579667,4.062501381726382,3.982448246766898,5.973672370150348,0.4080377302015264,2.9673341101587253e-06,6.0771002576050694,1.0000000019519713
550.0,0.5792236183029833,3.5,3.633404912278279,-0.041746192317660566,0.38455740470275074,4.073740666381724,3.982448246766898,6.969284431842073,0.4080377302015264,2.9673341101587253e-06,6.0771002576050694,0.9999999997698662
550.0,0.5792236183029833,4.0,3.887908310557676,-0.012343977020328087,0.39970791000504413,4.0926866109711195,3.982448246766898,7.964896493533797,0.4080377302015264,2.9673341101587253e-06,6.0771002576050694,1.00000000225397
550.0,0.5792236183029833,4.5,4.289844030386941,0.03038151111931127,0.4212507600073626,4.129934489412655,3.982448246766898,8.960508555225521,0.4080377302015264,2.9673341101587253e-06,6.0771002576050694,0.999999998503826
550.0,0.5792236183029833,5.0,4.94001743660478,0.09166849051225835,0.4526075660955031,4.23287890445969,3.982448246766898,9.956120616917246,0.4080377302015264,2.9673341101587253e-06,6.0771002576050694,1.000000001022848
550.0,0.5792236183029833,5.5,5.732754760765197,0.15630337233325078,0.4970172476065032,7.3507229489922965,3.982448246766898,10.951732678608973,0.4080377302015264,2.9673341101587253e-06,6.0771002576050694,1.0000000016235995
550.0,0.5792236183029833,6.0,6.541792466705127,0.21363677102376097,0.5638749198421678,7.356588448187217,3.982448246766898,11.947344740300696,0.4080377302015264,2.9673341101587253e-06,6.0771002576050694,1.00000000065351
650.0,0.5981983366743842,0.0,3.3117581564269214,-0.08200137673087271,0.3040060876989507,4.627183897697716,4.557239668013932,0.0,0.4669302938538864,3.3956129187729004e-06,6.9542152576469,1.00000000028744
650.0,0.5981983366743842,0.5,3.3244900289487833,-0.08033495660605634,0.30442873334810006,4.627535714129523,4.557239668013932,1.0282272000956432,0.4669302938538864,3.3956129187729004e-06,6.9542152576469,0.9999999997069787
650.0,0.5981983366743842,1.0,3.3630169753938524,-0.07533093183334712,0.30571538294605544,4.628619193684824,4.557239668013932,2.0564544001912863,0.4669302938538864,3.3956129187729004e-06,6.9542152576469,1.0000000059716971
650.0,0.5981983366743842,1.5,3.4283508579509046,-0.0669747300386837,0.3079237366858782,4.630524276888002,4.557239668013932,3.0846816002869297,0.4669302938538864,3.3956129187729004e-06,6.9542152576469,1.000000001056297
650.0,0.5981983366743842,2.0,3.522235565567124,-0.05524159330124681,0.31115602022786976,4.633422900447037,4.557239668013932,4.112908800382573,0.4669302938538864,3.3956129187729004e-06,6.9542152576469,0.9999999970863368
650.0,0.5981983366743842,2.5,3.647239687941158,-0.04009568627310468,0.31556855704694936,4.637611703701815,4.557239668013932,5.141136000478216,0.4669302938538864,3.3956129187729004e-06,6.9542152576469,0.9999999985203438
650.0,0.5981983366743842,3.0,3.803204325008425,-0.021910333063381637,0.321387513695309,4.643600374792928,4.557239668013932,6.1693632005738595,0.4669302938538864,3.3956129187729004e-06,6.9542152576469,0.9999999995092315
650.0,0.5981983366743842,3.5,3.9903005289509363,-0.0010543855785712735,0.32893307772783015,4.652302188705004,4.557239668013932,7.197590400669502,0.4669302938538864,3.3956129187729004e-06,6.9542152576469,0.9999999986151384
650.0,0.5981983366743842,4.0,4.217009625959749,0.0229446010306124,0.3386554586658127,4.665490252065634,4.557239668013932,8.225817600765145,0.4669302938538864,3.3956129187729004e-06,6.9542152576469,0.9999999988725109
650.0,0.5981983366743842,4.5,4.488831209828016,0.0500732839292296,0.3511896668511717,4.687070461938826,4.557239668013932,9.25404480086079,0.4669302938538864,3.3956129187729004e-06,6.9542152576469,0.9999999991876095
650.0,0.5981983366743842,5.0,4.92629428788227,0.09046036091442121,0.36871114378895825,4.727601247007726,4.557239668013932,10.282272000956432,0.4669302938538864,3.3956129187729004e-06,6.9542152576469,1.0000000014960317
650.0,0.5981983366743842,5.5,5.589593105444179,0.1453202032325159,0.3932491688294729,4.828774394047349,4.557239668013932,11.310499201052075,0.4669302938538864,3.3956129187729004e-06,6.9542152576469,0.9999999993708591
650.0,0.5981983366743842,6.0,6.40433915663691,0.20441433160007708,0.4262721217682241,8.410656681684946,4.557239668013932,12.338726401147719,0.4669302938538864,3.3956129187729004e-06,6.9542152576469,1.000000001072438
450.0,0.6046013057825199,0.0,2.2684744494816678,-0.2463260992893444,0.4438201368194755,3.1695093509802574,3.1215992408719964,0.0,0.319835987794262,2.3259129389076112e-06,4.763469698882788,1.00000000028744
450.0,0.6046013057825199,0.5,2.2875101177944077,-0.24269696767469504,0.44516933458728924,3.170038055455259,3.1215992408719964,1.0392330932831078,0.319835987794262,2.3259129389076112e-06,4.763469698882788,1.000000004371364
450.0,0.6046013057825199,1.0,2.3457043926039196,-0.23178671021081362,0.44934850075269545,3.171718941134364,3.1215992408719964,2.0784661865662155,0.319835987794262,2.3259129389076112e-06,4.763469698882788,0.9999999980903174
450.0,0.6046013057825199,1.5,2.4464421012312965,-0.213525049349031,0.4567791338968734,3.174882808197744,3.1215992408719964,3.1176992798493233,0.319835987794262,2.3259129389076112e-06,4.763469698882788,0.9999999974054652
450.0,0.6046013057825199,2.0,2.593899933414473,-0.18810677332090636,0.4682614966189624,3.180283901327103,3.1215992408719964,4.156932373132431,0.319835987794262,2.3259129389076112e-06,4.763469698882788,0.999999997316517
450.0,0.6046013057825199,2.5,2.788533099350724,-0.15668418747794752,0.4851550176051756,3.189668097677786,3.1215992408719964,5.19616546641554,0.319835987794262,2.3259129389076112e-06,4.763469698882788,1.000000000727256
450.0,0.6046013057825199,3.0,3.045300600242436,-0.11842982323160714,0.5097145383283312,3.207812001114706,3.1215992408719964,6.2353985596986465,0.319835987794262,2.3259129389076112e-06,4.763469698882788,0.9999999991212793
450.0,0.6046013057825199,3.5,3.517959471224725,-0.05576915948248606,0.5490250899202548,3.2534921221988027,3.1215992408719964,7.274631652981755,0.319835987794262,2.3259129389076112e-06,4.763469698882788,1.0000000021376303
450.0,0.6046013057825199,4.0,4.277325087057571,0.029112267614834413,0.6108687946548178,5.760406658085884,3.1215992408719964,8.313864746264862,0.319835987794262,2.3259129389076112e-06,4.763469698882788,0.9999999977028459
450.0,0.6046013057825199,4.5,5.118405879949917,0.10707473032351361,0.7176850588292106,5.766305595350614,3.1215992408719964,9.35309783954797,0.319835987794262,2.3259129389076112e-06,4.763469698882788,1.0000000000474554
450.0,0.6046013057825199,5.0,5.842469864433638,0.1645364896432027,0.8943518334496486,3.02666964262261,3.1215992408719964,10.39233093283108,0.319835987794262,2.3259129389076112e-06,4.763469698882788,0.9999999982602008
450.0,0.6046013057825199,5.5,6.356139847218049,0.2011334526206838,1.0743832904832298,5.7866673066435945,3.1215992408719964,11.431564026114188,0.319835987794262,2.3259129389076112e-06,4.763469698882788,1.0000000016809016
450.0,0.6046013057825199,6.0,6.873959448340619,0.23514697444038862,1.2212591939981068,5.807533241990891,3.1215992408719964,12.470797119397293,0.319835987794262,2.3259129389076112e-06,4.763469698882788,1.0000000028205178
550.0,0.6046013057825199,0.0,2.7725798826998154,-0.15917592357044436,0.36312556648866184,3.873844762309202,3.8152879610657733,0.0,0.3909106517485423,2.84278248088708e-06,5.82201852085674,1.00000000028744
550.0,0.6046013057825199,0.5,2.788130323948162,-0.15674692145409258,0.3638625933388337,3.8742752798128195,3.8152879610657733,1.0392330932831078,0.3909106517485423,2.84278248088708e-06,5.82201852085674,1.000000002365113
550.0,0.6046013057825199,1.0,2.83537343114066,-0.14944972584032742,0.3661213730399282,3.8756175897399405,3.8152879610657733,2.0784661865662155,0.3909106517485423,2.84278248088708e-06,5.82201852085674,1.0000000019762243
550.0,0.6046013057825199,1.5,2.9161294615817956,-0.1372531907483726,0.37005152692631454,3.878039427425238,3.8152879610657733,3.1176992798493233,0.3909106517485423,2.84278248088708e-06,5.82201852085674,1.0000000012415937
550.0,0.6046013057825199,2.0,3.033585337278443,-0.12010377481109363,0.3759249617397632,3.8818832667153838,3.8152879610657733,4.156932373132431,0.3909106517485423,2.84278248088708e-06,5.82201852085674,1.0000000014075576
550.0,0.6046013057825199,2.5,3.1891605062955994,-0.09838361405918666,0.3841752558012068,3.8878069626140928,3.8152879610657733,5.19616546641554,0.3909106517485423,2.84278248088708e-06,5.82201852085674,0.9999999999464069
550.0,0.6046013057825199,3.0,3.3836574511785074,-0.07267360108420727,0.39546393970998556,3.8971345661608843,3.8152879610657733,6.2353985596986465,0.3909106517485423,2.84278248088708e-06,5.82201852085674,0.999999999557915
550.0,0.6046013057825199,3.5,3.6280402671014653,-0.04238789274064315,0.4107905093537093,3.912870100561966,3.8152879610657733,7.274631652981755,0.3909106517485423,2.84278248088708e-06,5.82201852085674,1.0000000005639864
550.0,0.6046013057825199,4.0,3.94887754945439,-0.00558632439840166,0.4320387750935737,3.9434326078301503,3.8152879610657733,8.313864746264862,0.3909106517485423,2.84278248088708e-06,5.82201852085674,0.9999999979248111
550.0,0.6046013057825199,4.5,4.6009791529357305,0.06079027415037704,0.46530277052437186,4.024548444038112,3.8152879610657733,9.35309783954797,0.3909106517485423,2.84278248088708e-06,5.82201852085674,0.9999999981354012
550.0,0.6046013057825199,5.0,5.411240246483925,0.1312368246977731,0.5128203730340359,7.041661269381068,3.8152879610657733,10.39233093283108,0.3909106517485423,2.84278248088708e-06,5.82201852085674,0.9999999992639519
550.0,0.6046013057825199,5.5,6.255829408827674,0.19422490604241366,0.5871968663148087,7.047706838761859,3.8152879610657733,11.431564026114188,0.3909106517485423,2.84278248088708e-06,5.82201852085674,1.0000000000474554
550.0,0.6046013057825199,6.0,7.010957163301491,0.24371732226822027,0.7027433240264198,7.055566487479512,3.8152879610657733,12.470797119397293,0.3909106517485423,2.84278248088708e-06,5.82201852085674,1.000000000546003
650.0,0.6046013057825199,0.0,3.2766853159179634,-0.08662525642183266,0.3072600947211754,4.578180173638148,4.50897668125955,0.0,0.4619853157028227,3.359652022866549e-06,6.880567342830692,1.00000000028744
650.0,0.6046013057825199,0.5,3.289831660492059,-0.084886315502557,0.3077059360205564,4.578543510772663,4.50897668125955,1.0392330932831078,0.4619853157028227,3.359652022866549e-06,6.880567342830692,0.9999999966579377
650.0,0.6046013057825199,1.0,3.329627843565055,-0.07966429671602708,0.30906398910294247,4.579663755469736,4.50897668125955,2.0784661865662155,0.4619853157028227,3.359652022866549e-06,6.880567342830692,0.9999999970429757
650.0,0.6046013057825199,1.5,3.3971650387765258,-0.07094334534434205,0.3113979838203697,4.581638275235193,4.50897668125955,3.1176992798493233,0.4619853157028227,3.359652022866549e-06,6.880567342830692,0.9999999971830578
650.0,0.6046013057825199,2.0,3.4943270968615816,-0.05869643535391186,0.31482084496007673,4.584654272205186,4.50897668125955,4.156932373132431,0.4619853157028227,3.359652022866549e-06,6.880567342830692,1.0000000015358521
650.0,0.6046013057825199,2.5,3.6238945004237366,-0.04288444541113885,0.3195061046692064,4.589037996209029,4.50897668125955,5.19616546641554,0.4619853157028227,3.359652022866549e-06,6.880567342830692,0.999999999965294
650.0,0.6046013057825199,3.0,3.7847887797822675,-0.02401834377579369,0.32570613386132147,4.595357868282057,4.50897668125955,6.2353985596986465,0.4619853157028227,3.359652022866549e-06,6.880567342830692,1.0000000019277397
650.0,0.6046013057825199,3.5,3.9792074502747696,-0.0022634102712732894,0.33378023458767514,4.604653634679446,4.50897668125955,7.274631652981755,0.4619853157028227,3.359652022866549e-06,6.880567342830692,1.0000000018234856
650.0,0.6046013057825199,4.0,4.215303809676843,0.02276888967581825,0.344237628746608,4.619001776426429,4.50897668125955,8.313864746264862,0.4619853157028227,3.359652022866549e-06,6.880567342830692,0.9999999978765679
650.0,0.6046013057825199,4.5,4.499096549424284,0.05106532178254361,0.3578023963101366,4.643186591601269,4.50897668125955,9.35309783954797,0.4619853157028227,3.359652022866549e-06,6.880567342830692,0.9999999967691641
650.0,0.6046013057825199,5.0,5.008982863522423,0.09768955457788622,0.3774534901110469,4.691138360501013,4.50897668125955,10.39233093283108,0.4619853157028227,3.359652022866549e-06,6.880567342830692,1.0000000024038256
650.0,0.6046013057825199,5.5,5.71958738372089,0.15530470819290756,0.4043736699786559,4.827626223926597,4.50897668125955,11.431564026114188,0.4619853157028227,3.359652022866549e-06,6.880567342830692,1.0000000013291968
650.0,0.6046013057825199,6.0,6.552314034702533,0.21433471248394437,0.44210149516768593,8.322956388867478,4.50897668125955,12.470797119397293,0.4619853157028227,3.359652022866549e-06,6.880567342830692,0.9999999952943744
450.0,0.6049793384901669,0.0,2.2670569505956624,-0.2465975611799309,0.44409763957447373,3.1675288235049646,3.1196486509292707,0.0,0.3196361322673433,2.3244595485021785e-06,4.760493155332461,1.00000000028744
450.0,0.6049793384901669,0.5,2.286128577410687,-0.24295933880779486,0.4454510718172621,3.1680585343439067,3.1196486509292707,1.03988288364309,0.3196361322673433,2.3244595485021785e-06,4.760493155332461,0.9999999954468122
450.0,0.6049793384901669,1.0,2.344435539951586,-0.2320216949774197,0.44964376988346016,3.1697428394084923,3.1196486509292707,2.07976576728618,0.3196361322673433,2.3244595485021785e-06,4.760493155332461,0.9999999961257368
450.0,0.6049793384901669,1.5,2.445377976863942,-0.21371399470708283,0.45709963868386166,3.1729143163082414,3.1196486509292707,3.1196486509292702,0.3196361322673433,2.3244595485021785e-06,4.760493155332461,1.0000000056851732
450.0,0.6049793384901669,2.0,2.593115719947894,-0.18823809337333136,0.4686239457797654,3.1783315602756788,3.1196486509292707,4.15953153457236,0.3196361322673433,2.3244595485021785e-06,4.760493155332461,0.9999999969588121
450.0,0.6049793384901669,2.5,2.7881903617560333,-0.15673756973630779,0.4855852602043818,3.187753496936947,3.1196486509292707,5.199414418215451,0.3196361322673433,2.3244595485021785e-06,4.760493155332461,1.0000000015237747
450.0,0.6049793384901669,3.0,3.045590843726509,-0.11838843318392815,0.5102549176312801,3.2060038130960473,3.1196486509292707,6.2392973018585405,0.3196361322673433,2.3244595485021785e-06,4.760493155332461,1.00000000225397
450.0,0.6049793384901669,3.5,3.5215148493216444,-0.05533046728771304,0.5498101715304051,3.2521579425532385,3.1196486509292707,7.279180185501631,0.3196361322673433,2.3244595485021785e-06,4.760493155332461,1.0000000028232914
450.0,0.6049793384901669,4.0,4.282908055727238,0.029678759856159437,0.6120059091351642,5.756857894304401,3.1196486509292707,8.31906306914472,0.3196361322673433,2.3244595485021785e-06,4.760493155332461,1.0000000000188285
450.0,0.6049793384901669,4.5,5.1245095425870195,0.10759231486016091,0.7198255115210982,5.762779528010379,3.1196486509292707,9.358945952787812,0.3196361322673433,2.3244595485021785e-06,4.760493155332461,1.00000000065351
450.0,0.6049793384901669,5.0,5.845755850361031,0.16478068164091028,0.8973700287792998,3.023780987738358,3.1196486509292707,10.398828836430901,0.3196361322673433,2.3244595485021785e-06,4.760493155332461,1.0000000019467234
450.0,0.6049793384901669,5.5,6.35875292563281,0.2013119591283771,1.0771445109877194,5.783263830839609,3.1196486509292707,11.438711720073993,0.3196361322673433,2.3244595485021785e-06,4.760493155332461,1.0000000003259841
450.0,0.6049793384901669,6.0,6.877277071586341,0.23535653021299396,1.2241536150661096,5.80433307876582,3.1196486509292707,12.478594603717081,0.3196361322673433,2.3244595485021785e-06,4.760493155332461,1.0000000026264786
550.0,0.6081847992181325,0.0,2.756243529305026,-0.16174240408626903,0.3652778246319536,3.8510196320294523,3.7928078540637116,0.0,0.3886073620966917,2.8260324858654522e-06,5.787714531052446,1.00000000028744
550.0,0.6081847992181325,0.5,2.772073299286001,-0.1592552816022759,0.3660370507348472,3.851457941392929,3.7928078540637116,1.045392664776311,0.3886073620966917,2.8260324858654522e-06,5.787714531052446,0.9999999999564586
550.0,0.6081847992181325,1.0,2.8201796407940503,-0.15178321828493085,0.36836506019476367,3.852825874187582,3.7928078540637116,2.090785329552622,0.3886073620966917,2.8260324858654522e-06,5.787714531052446,1.0000000020726878
550.0,0.6081847992181325,1.5,2.9024612779605747,-0.1392935568468004,0.3724198997023232,3.855298852594971,3.7928078540637116,3.1361779943289325,0.3886073620966917,2.8260324858654522e-06,5.787714531052446,1.0000000054500038
550.0,0.6081847992181325,2.0,3.0222466362299154,-0.12173008844507495,0.3784893883554186,3.859236978469624,3.7928078540637116,4.181570659105244,0.3886073620966917,2.8260324858654522e-06,5.787714531052446,1.0000000051665603
550.0,0.6081847992181325,2.5,3.180605672283202,-0.0995501621976452,0.3870338545350149,3.8653377407132106,3.7928078540637116,5.226963323881555,0.3886073620966917,2.8260324858654522e-06,5.787714531052446,1.0000000005797343
550.0,0.6081847992181325,3.0,3.379318282062689,-0.0732308934761849,0.3987585891357535,3.875024220469788,3.7928078540637116,6.272355988657865,0.3886073620966917,2.8260324858654522e-06,5.787714531052446,0.9999999969146532
550.0,0.6081847992181325,3.5,3.6293735127640043,-0.042228325914680356,0.4147344058704329,3.891589615189425,3.7928078540637116,7.317748653434177,0.3886073620966917,2.8260324858654522e-06,5.787714531052446,1.0000000008587555
550.0,0.6081847992181325,4.0,3.9833502679656876,-0.001811494419932535,0.43734508810776856,3.924601491684036,3.7928078540637116,8.363141318210488,0.3886073620966917,2.8260324858654522e-06,5.787714531052446,1.0000000019995974
550.0,0.6081847992181325,4.5,4.64875776775831,0.06527692571623842,0.4723215990644564,4.017988534627466,3.7928078540637116,9.408533982986798,0.3886073620966917,2.8260324858654522e-06,5.787714531052446,1.00000000115665
550.0,0.6081847992181325,5.0,5.4803649799669145,0.13674949115409926,0.5233314143044875,7.000814123994201,3.7928078540637116,10.45392664776311,0.3886073620966917,2.8260324858654522e-06,5.787714531052446,1.0000000011682904
550.0,0.6081847992181325,5.5,6.325216340936476,0.19901539291801537,0.6040779656222875,7.007083320911011,3.7928078540637116,11.499319312539422,0.3886073620966917,2.8260324858654522e-06,5.787714531052446,1.000000000546213
550.0,0.6081847992181325,6.0,7.054531394524515,0.2464081792030379,0.725546632116439,3.683344159265719,3.7928078540637116,12.54471197731573,0.3886073620966917,2.8260324858654522e-06,5.787714531052446,0.9999999995456461
650.0,0.6296824596572466,0.0,3.146170248605575,-0.104277771442025,0.3200064081041587,4.39582470281283,4.329377684613235,0.0,0.44358377916119207,3.225832272834255e-06,6.606504494764554,1.00000000028744
650.0,0.6296824596572466,0.5,3.161027379445514,-0.1022317338020151,0.32055308219353823,4.396235651533432,4.329377684613235,1.0823444211533089,0.44358377916119207,3.225832272834255e-06,6.606504494764554,0.9999999991905593
650.0,0.6296824596572466,1.0,3.2060742798256117,-0.09608641125597564,0.32222283301068794,4.39750899632418,4.329377684613235,2.1646888423066177,0.44358377916119207,3.225832272834255e-06,6.606504494764554,0.9999999982627981
650.0,0.6296824596572466,1.5,3.282768021642281,-0.08581979713966977,0.3251082404850005,4.39977640416679,4.329377684613235,3.2470332634599264,0.44358377916119207,3.225832272834255e-06,6.606504494764554,0.9999999980101957
650.0,0.6296824596572466,2.0,3.393640126853964,-0.07139420496917698,0.32937534561338633,4.403298567652131,4.329377684613235,4.3293776846132355,0.44358377916119207,3.225832272834255e-06,6.606504494764554,1.0000000056851732
650.0,0.6296824596572466,2.5,3.542462023659535,-0.05275478816104338,0.33528338767927834,4.408549016619149,4.329377684613235,5.411722105766543,0.44358377916119207,3.225832272834255e-06,6.606504494764554,1.000000004529754
650.0,0.6296824596572466,3.0,3.7241989887462195,-0.0310271134854553,0.34321763546637457,4.41640461744489,4.329377684613235,6.494066526919853,0.44358377916119207,3.225832272834255e-06,6.606504494764554,1.0000000019519713
650.0,0.6296824596572466,3.5,3.9499275751171936,-0.005470858743354657,0.3537413627789124,4.428623008033482,4.329377684613235,7.576410948073161,0.44358377916119207,3.225832272834255e-06,6.606504494764554,0.9999999997698662
650.0,0.6296824596572466,4.0,4.226601938447231,0.0239313565539778,0.3676778006861866,4.449219421253877,4.329377684613235,8.658755369226471,0.44358377916119207,3.225832272834255e-06,6.606504494764554,1.00000000225397
650.0,0.6296824596572466,4.5,4.6635521329640035,0.0666568446936171,0.3874943404921287,4.489712134211261,4.329377684613235,9.741099790379778,0.44358377916119207,3.225832272834255e-06,6.606504494764554,0.999999998503826
650.0,0.6296824596572466,5.0,5.370365143853395,0.1279438240865642,0.4163384068977327,4.601624512136579,4.329377684613235,10.823444211533086,0.44358377916119207,3.225832272834255e-06,6.606504494764554,1.000000001022848
650.0,0.6296824596572466,5.5,6.23216147322601,0.19257870590755669,0.45718937236131957,7.991078334031738,4.329377684613235,11.905788632686395,0.44358377916119207,3.225832272834255e-06,6.606504494764554,1.0000000016235995
650.0,0.6296824596572466,6.0,7.111678185828762,0.24991210459806681,0.5186894859975417,7.997454803919129,4.329377684613235,12.988133053839706,0.44358377916119207,3.225832272834255e-06,6.606504494764554,1.00000000065351
450.0,0.6352283054146753,0.0,2.1591018577101546,-0.267786860249869,0.4663025215531975,3.016694117623776,2.9710939532659717,0.0,0.30441536406413644,2.213770998573503e-06,4.533803005078534,1.00000000028744
450.0,0.6352283054146753,0.5,2.181202073166918,-0.2633640895291494,0.46803287216553613,3.017309219532274,2.9710939532659717,1.0918770278252448,0.30441536406413644,2.213770998573503e-06,4.533803005078534,0.9999999989817706
450.0,0.6352283054146753,1.0,2.2490457249036013,-0.2500617062473978,0.4734307112145146,3.019290775359215,2.9710939532659717,2.1837540556504895,0.30441536406413644,2.213770998573503e-06,4.533803005078534,1.0000000077829772
450.0,0.6352283054146753,1.5,2.3674752456970336,-0.22777454460867497,0.4831680005461251,3.02313117145294,2.9710939532659717,3.275631083475734,0.30441536406413644,2.213770998573503e-06,4.533803005078534,1.0000000051665603
450.0,0.6352283054146753,2.0,2.539313838704398,-0.1973436118427836,0.49855763222686306,3.0300447886331106,2.9710939532659717,4.367508111300979,0.30441536406413644,2.213770998573503e-06,4.533803005078534,1.0000000024344822
450.0,0.6352283054146753,2.5,2.7728996154010384,-0.1591258438079904,0.5219259173502465,3.0432667192762195,2.9710939532659717,5.4593851391262245,0.30441536406413644,2.213770998573503e-06,4.533803005078534,0.9999999960327765
450.0,0.6352283054146753,3.0,3.1203552487408555,-0.10785595058353252,0.5583013903979489,3.0743344270466655,2.9710939532659717,6.551262166951468,0.30441536406413644,2.213770998573503e-06,4.533803005078534,1.0000000019995974
450.0,0.6352283054146753,3.5,3.8566568804787322,-0.01584898910784011,0.6214073838245171,5.4813895366328715,2.9710939532659717,7.6431391947767136,0.30441536406413644,2.213770998573503e-06,4.533803005078534,0.9999999999264315
450.0,0.6352283054146753,4.0,4.742665959399226,0.07396254570036669,0.729328538800705,5.487219889599108,2.9710939532659717,8.735016222601958,0.30441536406413644,2.213770998573503e-06,4.533803005078534,1.000000002925019
450.0,0.6352283054146753,4.5,5.526163300611187,0.14036372303943795,0.9262106847061252,2.885345627953892,2.9710939532659717,9.826893250427204,0.30441536406413644,2.213770998573503e-06,4.533803005078534,0.9999999995456461
450.0,0.6352283054146753,5.0,6.067337754798005,0.18093818046825724,1.13498271750779,5.5082412251574455,2.9710939532659717,10.918770278252449,0.30441536406413644,2.213770998573503e-06,4.533803005078534,1.0000000002650609
450.0,0.6352283054146753,5.5,6.611280104363154,0.21822556625688264,1.3063012087883157,5.53159421238923,2.9710939532659717,12.010647306077693,0.30441536406413644,2.213770998573503e-06,4.533803005078534,1.000000001001905
450.0,0.6352283054146753,6.0,7.112620989701152,0.24996967573248166,1.48907104501421,5.5894559148607685,2.9710939532659717,13.102524333902936,0.30441536406413644,2.213770998573503e-06,4.533803005078534,1.0000000007941885
550.0,0.6353883327016112,0.0,2.638237643330909,-0.18074607860932856,0.3816163578309454,3.6861419720006454,3.6304224746915073,0.0,0.37196951584953974,2.7050386535932084e-06,5.539919162558891,1.00000000028744
550.0,0.6353883327016112,0.5,2.65629914765023,-0.17778300841138062,0.38256224779822645,3.6866427275483997,3.6304224746915073,1.0921520944696954,0.37196951584953974,2.7050386535932084e-06,5.539919162558891,0.9999999960507798
550.0,0.6353883327016112,1.0,2.7113237931634813,-0.16887860610190306,0.3854748977340561,3.6882175778507595,3.6304224746915073,2.184304188939391,0.37196951584953974,2.7050386535932084e-06,5.539919162558891,0.9999999998317264
550.0,0.6353883327016112,1.5,2.8059097370152952,-0.15398629517970264,0.39059160971183887,3.6911121332058534,3.6304224746915073,3.276456283409086,0.37196951584953974,2.7050386535932084e-06,5.539919162558891,0.9999999970863368
550.0,0.6353883327016112,2.0,2.9446558053982876,-0.13302545300354862,0.39835220046549197,3.695852882346561,3.6304224746915073,4.368608377878782,0.37196951584953974,2.7050386535932084e-06,5.539919162558891,0.9999999970125691
550.0,0.6353883327016112,2.5,3.12578346421426,-0.10710110195512183,0.4094779967212505,3.703534524807231,3.6304224746915073,5.460760472348476,0.37196951584953974,2.7050386535932084e-06,5.539919162558891,1.0000000029490355
550.0,0.6353883327016112,3.0,3.3593858645460872,-0.07580010084784336,0.42511143008292385,3.7166578675759587,3.6304224746915073,6.552912566818172,0.37196951584953974,2.7050386535932084e-06,5.539919162558891,0.9999999988725109
550.0,0.6353883327016112,3.5,3.657005061613272,-0.03893442988814271,0.4470580014619276,3.7421985570853895,3.6304224746915073,7.6450646612878685,0.37196951584953974,2.7050386535932084e-06,5.539919162558891,0.9999999998676542
550.0,0.6353883327016112,4.0,4.26986632955641,0.028354288089399916,0.4824482306979288,3.809214544148738,3.6304224746915073,8.737216755757563,0.37196951584953974,2.7050386535932084e-06,5.539919162558891,0.9999999990459424
550.0,0.6353883327016112,4.5,5.10187273515377,0.10566962972162124,0.5350959113527659,6.7001604630134155,3.6304224746915073,9.829368850227258,0.37196951584953974,2.7050386535932084e-06,5.539919162558891,1.000000001072438
550.0,0.6353883327016112,5.0,5.98749687357251,0.175185308323791,0.6217996727584317,6.706507965078745,3.6304224746915073,10.921520944696953,0.37196951584953974,2.7050386535932084e-06,5.539919162558891,1.0000000024816942
550.0,0.6353883327016112,5.5,6.755769722769149,0.2276148464574672,0.7588465344228942,3.5252353742980875,3.6304224746915073,12.01367303916665,0.37196951584953974,2.7050386535932084e-06,5.539919162558891,1.0000000006526777
550.0,0.6353883327016112,6.0,7.304184679249546,0.261511754053296,0.903163956016493,6.727211387984503,3.6304224746915073,13.105825133636344,0.37196951584953974,2.7050386535932084e-06,5.539919162558891,0.9999999971954336
650.0,0.661166582640109,0.0,2.996352617719596,-0.12546707051196299,0.33600672850936664,4.186499716964601,4.123216842488795,0.0,0.4224607420582782,3.0722212122231003e-06,6.291909042632909,1.00000000028744
650.0,0.661166582640109,0.5,3.0135613919864883,-0.12297994802796987,0.3367051149479336,4.1869762094786545,4.123216842488795,1.1364616422109743,0.4224607420582782,3.0722212122231003e-06,6.291909042632909,0.9999999999564586
650.0,0.661166582640109,1.0,3.0658584988183004,-0.11550788471062484,0.3388465721890173,4.188463309209337,4.123216842488795,2.2729232844219487,0.4224607420582782,3.0722212122231003e-06,6.291909042632909,1.0000000020726878
650.0,0.661166582640109,1.5,3.1553080689643513,-0.10301822327249442,0.3425764820430809,4.191151720173665,4.123216842488795,3.4093849266329226,0.4224607420582782,3.0722212122231003e-06,6.291909042632909,1.0000000054500038
650.0,0.661166582640109,2.0,3.2855284823634965,-0.08545475487076894,0.34815959957315845,4.195432914359871,4.123216842488795,4.545846568843897,0.4224607420582782,3.0722212122231003e-06,6.291909042632909,1.0000000051665603
650.0,0.661166582640109,2.5,3.4576829045590776,-0.06327482862333923,0.35601936530286804,4.2020651421453685,4.123216842488795,5.682308211054871,0.4224607420582782,3.0722212122231003e-06,6.291909042632909,1.0000000005797343
650.0,0.661166582640109,3.0,3.673706286439556,-0.03695555990187894,0.36680455249512156,4.212595455837362,4.123216842488795,6.818769853265845,0.4224607420582782,3.0722212122231003e-06,6.291909042632909,0.9999999969146532
650.0,0.661166582640109,3.5,3.945544981794348,-0.005952992340374352,0.38150016650260604,4.230603938507345,4.123216842488795,7.955231495476819,0.4224607420582782,3.0722212122231003e-06,6.291909042632909,1.0000000008587555
650.0,0.661166582640109,4.0,4.330358285039685,0.03446383915437347,0.4022989691005654,4.266491631847492,4.123216842488795,9.091693137687795,0.4224607420582782,3.0722212122231003e-06,6.291909042632909,1.0000000019995974
650.0,0.661166582640109,4.5,5.053732501670173,0.10155225929054441,0.4344726797085665,4.368014050897014,4.123216842488795,10.22815477989877,0.4224607420582782,3.0722212122231003e-06,6.291909042632909,1.00000000115665
650.0,0.661166582640109,5.0,5.957784854346005,0.17302482472840527,0.48139488517762186,7.610687337155426,4.123216842488795,11.364616422109743,0.4224607420582782,3.0722212122231003e-06,6.291909042632909,1.0000000011682904
650.0,0.661166582640109,5.5,6.87623511467674,0.23529072649232136,0.5556709093902733,7.617502672735522,4.123216842488795,12.501078064320717,0.4224607420582782,3.0722212122231003e-06,6.291909042632909,1.000000000546213
650.0,0.661166582640109,6.0,7.6690841669199,0.2826835127773439,0.6674058313944187,4.004217260279917,4.123216842488795,13.63753970653169,0.4224607420582782,3.0722212122231003e-06,6.291909042632909,0.9999999995456461
450.0,0.6682628855998672,0.0,2.05236987396023,-0.28980436015890965,0.49055224076045245,2.8675683381285046,2.824222349961533,0.0,0.2893670440534357,2.1043365272899715e-06,4.309681207889861,1.00000000028744
450.0,0.6682628855998672,0.5,2.0781336805969985,-0.2843865102443115,0.4927866926396914,2.8682873621001375,2.824222349961533,1.1486592885031846,0.2893670440534357,2.1043365272899715e-06,4.309681207889861,1.0000000024281948
450.0,0.6682628855998672,1.0,2.1576365224704186,-0.26808170648661156,0.49981935389662335,2.870642571490126,2.824222349961533,2.297318577006369,0.2893670440534357,2.1043365272899715e-06,4.309681207889861,0.9999999978664459
450.0,0.6682628855998672,1.5,2.2978907591178235,-0.24073061268501464,0.5127401188103202,2.8753853314278297,2.824222349961533,3.445977865509554,0.2893670440534357,2.1043365272899715e-06,4.309681207889861,1.0000000012968258
450.0,0.6682628855998672,2.0,2.500308908276664,-0.20406632310704448,0.5337563749304759,2.884571229916362,2.824222349961533,4.594637154012738,0.2893670440534357,2.1043365272899715e-06,4.309681207889861,0.999999996490265
450.0,0.6682628855998672,2.5,2.784241929707915,-0.1573530218218439,0.566990310450566,2.904912604586783,2.824222349961533,5.7432964425159225,0.2893670440534357,2.1043365272899715e-06,4.309681207889861,1.0000000007888772
450.0,0.6682628855998672,3.0,3.3846531939429894,-0.0725458156991079,0.626443282007948,2.974799608722965,2.824222349961533,6.891955731019108,0.2893670440534357,2.1043365272899715e-06,4.309681207889861,1.000000000489245
450.0,0.6682628855998672,3.5,4.297433272289312,0.031149150645082755,0.7329705833661567,5.214399300289626,2.824222349961533,8.040615019522292,0.2893670440534357,2.1043365272899715e-06,4.309681207889861,1.0000000030741922
450.0,0.6682628855998672,4.0,5.161639386630651,0.11072766833996621,0.9398730635207637,5.222436134026112,2.824222349961533,9.189274308025476,0.2893670440534357,2.1043365272899715e-06,4.309681207889861,0.9999999998444866
450.0,0.6682628855998672,4.5,5.748500149810689,0.1574945556869963,1.1866872180984844,5.235336407824074,2.824222349961533,10.33793359652866,0.2893670440534357,2.1043365272899715e-06,4.309681207889861,1.0000000001051053
450.0,0.6682628855998672,5.0,6.318273606690057,0.1985384373482977,1.3869935966597864,5.26032734117764,2.824222349961533,11.486592885031845,0.2893670440534357,2.1043365272899715e-06,4.309681207889861,1.0000000004706506
450.0,0.6682628855998672,5.5,6.843756066419807,0.23323453015831092,1.6005389667361531,5.33237593076309,2.824222349961533,12.635252173535031,0.2893670440534357,2.1043365272899715e-06,4.309681207889861,0.9999999997776181
450.0,0.6682628855998672,6.0,7.440564762545315,0.2695459098023612,1.7958776002489993,7.5454910341391255,2.824222349961533,13.783911462038215,0.2893670440534357,2.1043365272899715e-06,4.309681207889861,1.000000000094381
550.0,0.6682628855998672,0.0,2.508452068173614,-0.20265418444000957,0.4013609242585521,3.5048057466015052,3.4518273166196503,0.0,0.3536708316208658,2.5719668666877425e-06,5.267388142976497,1.00000000028744
550.0,0.6682628855998672,0.5,2.5294826344823678,-0.19902828911109752,0.4025799416707655,3.5053898780223247,3.4518273166196503,1.1486592885031846,0.3536708316208658,2.5719668666877425e-06,5.267388142976497,0.9999999987574041
550.0,0.6682628855998672,1.0,2.593774430644517,-0.18812778665236893,0.4063558079251364,3.507246783662718,3.4518273166196503,2.297318577006369,0.3536708316208658,2.5719668666877425e-06,5.267388142976497,0.9999999988628413
550.0,0.6682628855998672,1.5,2.705063628586152,-0.16988250627766396,0.41306893190830135,3.510741688902449,3.4518273166196503,3.445977865509554,0.3536708316208658,2.5719668666877425e-06,5.267388142976497,1.0000000044594928
550.0,0.6682628855998672,2.0,2.867974135559605,-0.144484760941123,0.42344158239807633,3.5167064416527216,3.4518273166196503,4.594637154012738,0.3536708316208658,2.5719668666877425e-06,5.267388142976497,1.0000000064348733
550.0,0.6682628855998672,2.5,3.0829754058927707,-0.11308993112550879,0.4387006112986517,3.5270666946775084,3.4518273166196503,5.7432964425159225,0.3536708316208658,2.5719668666877425e-06,5.267388142976497,0.9999999979817128
550.0,0.6682628855998672,3.0,3.366593586726907,-0.07486929955974951,0.4608801176029789,3.547083722848247,3.4518273166196503,6.891955731019108,0.3536708316208658,2.5719668666877425e-06,5.267388142976497,1.0000000026811735
550.0,0.6682628855998672,3.5,3.8878508928126063,-0.01235039085316301,0.49635918563918513,3.597399621589875,3.4518273166196503,8.040615019522292,0.3536708316208658,2.5719668666877425e-06,5.267388142976497,0.9999999973376663
550.0,0.6682628855998672,4.0,4.726559298245994,0.0724851194872419,0.5521858861001124,6.369768532638834,3.4518273166196503,9.189274308025476,0.3536708316208658,2.5719668666877425e-06,5.267388142976497,1.0000000007298508
550.0,0.6682628855998672,4.5,5.656314017469093,0.15047352054087232,0.6484822047693085,6.3762821762565745,3.4518273166196503,10.33793359652866,0.3536708316208658,2.5719668666877425e-06,5.267388142976497,1.0000000019430968
550.0,0.6682628855998672,5.0,6.457793972254817,0.20802419395829697,0.8079990909343348,3.3472413505040475,3.4518273166196503,11.486592885031845,0.3536708316208658,2.5719668666877425e-06,5.267388142976497,0.9999999997820679
550.0,0.6682628855998672,5.5,7.025944627546396,0.24464473140589635,0.9709259057169419,6.398744498451646,3.4518273166196503,12.635252173535031,0.3536708316208658,2.5719668666877425e-06,5.267388142976497,1.0000000001051053
550.0,0.6682628855998672,6.0,7.598139567161188,0.2786472753441829,1.1037374017883201,6.4217339092423815,3.4518273166196503,13.783911462038215,0.3536708316208658,2.5719668666877425e-06,5.267388142976497,0.9999999984300838
650.0,0.6682628855998672,0.0,2.9645342623869984,-0.13010351729139785,0.33961308975723636,4.142043155074506,4.079432283277769,0.0,0.417974619188296,3.039597206085514e-06,6.2250950780631324,1.00000000028744
650.0,0.6682628855998672,0.5,2.9823056343306513,-0.12750784231778658,0.34034994422711246,4.1425353692732,4.079432283277769,1.1486592885031846,0.417974619188296,3.039597206085514e-06,6.2250950780631324,1.0000000051088214
650.0,0.6682628855998672,1.0,3.0363428652013007,-0.11970918060733074,0.3426115232741304,4.144074210911191,4.079432283277769,2.297318577006369,0.417974619188296,3.039597206085514e-06,6.2250950780631324,1.0000000006185037
650.0,0.6682628855998672,1.5,3.1288741128608937,-0.10667190123695615,0.3465583430801023,4.146866701881653,4.079432283277769,3.445977865509554,0.417974619188296,3.039597206085514e-06,6.2250950780631324,0.9999999989472946
650.0,0.6682628855998672,2.0,3.2638134877964067,-0.08833465850570109,0.35248384579179237,4.151341557134525,4.079432283277769,4.594637154012738,0.417974619188296,3.039597206085514e-06,6.2250950780631324,1.0000000009976682
650.0,0.6682628855998672,2.5,3.4416162938845134,-0.06529754216899454,0.3608601630085999,4.158343005267133,4.079432283277769,5.7432964425159225,0.417974619188296,3.039597206085514e-06,6.2250950780631324,0.9999999999803504
650.0,0.6682628855998672,3.0,3.666224138550248,-0.037840978830532716,0.3724159434480715,4.169636297320201,4.079432283277769,6.891955731019108,0.417974619188296,3.039597206085514e-06,6.2250950780631324,1.0000000029506666
650.0,0.6682628855998672,3.5,3.9496611958969283,-0.005500148122549494,0.38826802481422146,4.18947146792538,4.079432283277769,8.040615019522292,0.417974619188296,3.039597206085514e-06,6.2250950780631324,1.0000000001253828
650.0,0.6682628855998672,4.0,4.400713506629717,0.04146310490147271,0.4115088710528383,4.231093517132244,4.079432283277769,9.189274308025476,0.417974619188296,3.039597206085514e-06,6.2250950780631324,1.00000000026591
650.0,0.6682628855998672,4.5,5.171051446562978,0.11151886724226427,0.4467853719551042,4.366571831985406,4.079432283277769,10.33793359652866,0.417974619188296,3.039597206085514e-06,6.2250950780631324,0.9999999999708759
650.0,0.6682628855998672,5.0,6.101388562777889,0.18336869229363514,0.5000011713625457,7.53118888656228,4.079432283277769,11.486592885031845,0.417974619188296,3.039597206085514e-06,6.2250950780631324,1.0000000013029178
650.0,0.6682628855998672,5.5,7.005714835102408,0.24339246422551183,0.5854899696955739,7.538485653436833,4.079432283277769,12.635252173535031,0.417974619188296,3.039597206085514e-06,6.2250950780631324,0.9999999994348866
650.0,0.6682628855998672,6.0,7.742159188221353,0.2868021053702112,0.7067722738531422,3.937489330238398,4.079432283277769,13.783911462038215,0.417974619188296,3.039597206085514e-06,6.2250950780631324,0.9999999986033125
550.0,0.6688298238964329,0.0,2.5063257611643635,-0.20302247332048085,0.401701429295732,3.501834873400613,3.4489013509569326,0.0,0.3533710400570627,2.569786720913548e-06,5.262923204430946,1.00000000028744
550.0,0.6688298238964329,0.5,2.527410237926736,-0.1993842509483448,0.40292565482168613,3.502420490767331,3.4489013509569326,1.149633783652311,0.3533710400570627,2.569786720913548e-06,5.262923204430946,0.9999999954468122
550.0,0.6688298238964329,1.0,2.591871010397892,-0.18844660711796968,0.40671809291572986,3.5042825600779066,3.4489013509569326,2.299267567304622,0.3533710400570627,2.569786720913548e-06,5.262923204430946,0.9999999961257368
550.0,0.6688298238964329,1.5,2.7034670732853607,-0.1701389068476328,0.41346217999674334,3.507788759713822,3.4489013509569326,3.4489013509569326,0.3533710400570627,2.569786720913548e-06,5.262923204430946,1.0000000056851732
550.0,0.6688298238964329,2.0,2.8667972936798245,-0.14466300551388134,0.4238863079801822,3.513777748259758,3.4489013509569326,4.598535134609244,0.3533710400570627,2.569786720913548e-06,5.262923204430946,0.9999999969588121
550.0,0.6688298238964329,2.5,3.0824604246766834,-0.11316248187685772,0.43922839413409914,3.524194091161064,3.4489013509569326,5.7481689182615545,0.3533710400570627,2.569786720913548e-06,5.262923204430946,1.0000000015237747
550.0,0.6688298238964329,3.0,3.3670273645275857,-0.0748133453244781,0.4615429388772699,3.5443705748294296,3.4489013509569326,6.897802701913865,0.3533710400570627,2.569786720913548e-06,5.262923204430946,1.00000000225397
550.0,0.6688298238964329,3.5,3.8931811496216087,-0.01175537942826297,0.49732201224198996,3.5953958848077607,3.4489013509569326,8.047436485566177,0.3533710400570627,2.569786720913548e-06,5.262923204430946,1.0000000028232914
550.0,0.6688298238964329,4.0,4.7349330108126,0.07325384771560946,0.5535801736586401,6.3644458689343875,3.4489013509569326,9.197070269218488,0.3533710400570627,2.569786720913548e-06,5.262923204430946,1.0000000000188285
550.0,0.6688298238964329,4.5,5.665358462452306,0.15116740271961096,0.6511066735203085,6.370992481317271,3.4489013509569326,10.346704052870798,0.3533710400570627,2.569786720913548e-06,5.262923204430946,1.00000000065351
550.0,0.6688298238964329,5.0,6.462726257224168,0.2083557695003603,0.8117017318830997,3.3429156615127917,3.4489013509569326,11.496337836523109,0.3533710400570627,2.569786720913548e-06,5.262923204430946,1.0000000019467234
550.0,0.6688298238964329,5.5,7.029865862966234,0.2448870469878271,0.9743138694373951,6.393638730176128,3.4489013509569326,12.64597162017542,0.3533710400570627,2.569786720913548e-06,5.262923204430946,1.0000000003259841
550.0,0.6688298238964329,6.0,7.603115875255348,0.27893161807244404,1.1072886073449384,6.416931660171533,3.4489013509569326,13.79560540382773,0.3533710400570627,2.569786720913548e-06,5.262923204430946,1.0000000026264786
650.0,0.6907399414154842,0.0,2.8680666946560334,-0.14447074503502258,0.3510359931365483,4.007258803388519,3.9466853236342265,0.0,0.40437349627399866,2.9406870490759577e-06,6.022527076507561,1.00000000028744
650.0,0.6907399414154842,0.5,2.8877016199344956,-0.14150767483707474,0.35190608535678153,4.007803182062027,3.9466853236342265,1.1872945015266296,0.40437349627399866,2.9406870490759577e-06,6.022527076507561,0.9999999960507798
650.0,0.6907399414154842,1.0,2.9475197161476037,-0.13260327252759707,0.3545853336172452,4.009515224839025,3.9466853236342265,2.3745890030532593,0.40437349627399866,2.9406870490759577e-06,6.022527076507561,0.9999999998317264
650.0,0.6907399414154842,1.5,3.05034547789418,-0.1177109616053967,0.35929202407706645,4.012661938263711,3.9466853236342265,3.5618835045798893,0.40437349627399866,2.9406870490759577e-06,6.022527076507561,0.9999999970863368
650.0,0.6907399414154842,2.0,3.201178356330907,-0.0967501194292427,0.3664307292888115,4.017815675931185,3.9466853236342265,4.7491780061065185,0.40437349627399866,2.9406870490759577e-06,6.022527076507561,0.9999999970125691
650.0,0.6907399414154842,2.5,3.398084881049899,-0.07082576838081585,0.37666497333504095,4.026166501702091,3.9466853236342265,5.936472507633148,0.40437349627399866,2.9406870490759577e-06,6.022527076507561,1.0000000029490355
650.0,0.6907399414154842,3.0,3.6520374640846573,-0.03952476727353744,0.3910456404464862,4.040433079397505,3.9466853236342265,7.123767009159779,0.40437349627399866,2.9406870490759577e-06,6.022527076507561,0.9999999988725109
650.0,0.6907399414154842,3.5,3.975583642328464,-0.002659096313836813,0.41123354990550265,4.0681987361895375,3.9466853236342265,8.311061510686407,0.40437349627399866,2.9406870490759577e-06,6.022527076507561,0.9999999998676542
650.0,0.6907399414154842,4.0,4.641834082456808,0.06462962166370587,0.44378782597952054,4.1410527950313405,3.9466853236342265,9.498356012213037,0.40437349627399866,2.9406870490759577e-06,6.022527076507561,0.9999999990459424
650.0,0.6907399414154842,4.5,5.546320404098973,0.1419449632959272,0.4922166485018342,7.283842348848493,3.9466853236342265,10.685650513739667,0.40437349627399866,2.9406870490759577e-06,6.022527076507561,1.000000001072438
650.0,0.6907399414154842,5.0,6.509095346607682,0.21146064189809693,0.5719725089861883,7.290742811099819,3.9466853236342265,11.872945015266296,0.40437349627399866,2.9406870490759577e-06,6.022527076507561,1.0000000024816942
650.0,0.6907399414154842,5.5,7.344295987747578,0.26389018003177317,0.6980372863559875,3.832334889696472,3.9466853236342265,13.060239516792926,0.40437349627399866,2.9406870490759577e-06,6.022527076507561,1.0000000006526777
650.0,0.6907399414154842,6.0,7.940485900930231,0.297787087627602,0.8307900061397063,7.3132498046799785,3.9466853236342265,14.247534018319557,0.40437349627399866,2.9406870490759577e-06,6.022527076507561,0.9999999971954336
550.0,0.7022713150912545,0.0,2.386976915394632,-0.22421177239041892,0.42178650076051855,3.3350808318101075,3.284667953292317,0.0,0.33654384767339307,2.4474159246795697e-06,5.0123078137437584,1.00000000028744
550.0,0.7022713150912545,0.5,2.4114096228799977,-0.21978900166969934,0.42335166177967004,3.3357608525562146,3.284667953292317,1.2071154728349265,0.33654384767339307,2.4474159246795697e-06,5.0123078137437584,0.9999999989817706
550.0,0.7022713150912545,1.0,2.4864136019527048,-0.20648661838794777,0.4282341909080857,3.337951544949249,3.284667953292317,2.414230945669853,0.33654384767339307,2.4474159246795697e-06,5.0123078137437584,1.0000000077829772
550.0,0.7022713150912545,1.5,2.6173423634771744,-0.18419945674922486,0.4370419005048353,3.3421972625789937,3.284667953292317,3.6213464185047797,0.33654384767339307,2.4474159246795697e-06,5.0123078137437584,1.0000000051665603
550.0,0.7022713150912545,2.0,2.8073170759798463,-0.15376852398333354,0.4509623461266829,3.3498405539559206,3.284667953292317,4.828461891339706,0.33654384767339307,2.4474159246795697e-06,5.0123078137437584,1.0000000024344822
550.0,0.7022713150912545,2.5,3.0655558685353457,-0.11555075594854038,0.47209975533076665,3.3644579482716854,3.284667953292317,6.035577364174633,0.33654384767339307,2.4474159246795697e-06,5.0123078137437584,0.9999999960327765
550.0,0.7022713150912545,3.0,3.449682524229837,-0.06428086272408244,0.5050026086955615,3.398804591528678,3.284667953292317,7.242692837009559,0.33654384767339307,2.4474159246795697e-06,5.0123078137437584,1.0000000019995974
550.0,0.7022713150912545,3.5,4.263694605896828,0.02772609875160991,0.5620841274824417,6.059904140930427,3.284667953292317,8.449808309844485,0.33654384767339307,2.4474159246795697e-06,5.0123078137437584,0.9999999999264315
550.0,0.7022713150912545,4.0,5.243214497772716,0.11753763355981672,0.6597024851182086,6.066349838658541,3.284667953292317,9.656923782679412,0.33654384767339307,2.4474159246795697e-06,5.0123078137437584,1.000000002925019
550.0,0.7022713150912545,4.5,6.109403399453094,0.18393881089888803,0.8377890867241046,3.1898696128051487,3.284667953292317,10.864039255514337,0.33654384767339307,2.4474159246795697e-06,5.0123078137437584,0.9999999995456461
550.0,0.7022713150912545,5.0,6.7076942696741115,0.22451326832770732,1.0266304956848935,6.089589799538261,3.284667953292317,12.071154728349265,0.33654384767339307,2.4474159246795697e-06,5.0123078137437584,1.0000000002650609
550.0,0.7022713150912545,5.5,7.309045163371424,0.2618006541163327,1.1815939016559687,6.115407498332191,3.284667953292317,13.278270201184192,0.33654384767339307,2.4474159246795697e-06,5.0123078137437584,1.000000001001905
550.0,0.7022713150912545,6.0,7.863298366281667,0.29354476359193177,1.3469154388621503,6.179376017275281,3.284667953292317,14.485385674019119,0.33654384767339307,2.4474159246795697e-06,5.0123078137437584,1.0000000007941885
450.0,0.7038980750080227,0.0,1.948467630452416,-0.31236679599661926,0.5167109911426497,2.7223962677703435,2.68124469176794,0.0,0.27471769382868233,1.997803446165089e-06,4.091501457746102,1.00000000028744
450.0,0.7038980750080227,0.5,1.9786256748550433,-0.3056963510990936,0.5196162344158092,2.7232407218756567,2.68124469176794,1.2099116671602825,0.27471769382868233,1.997803446165089e-06,4.091501457746102,1.0000000059716971
450.0,0.7038980750080227,1.0,2.072301678495841,-0.2856070125669933,0.5288635396379264,2.7260669750892834,2.68124469176794,2.419823334320565,0.27471769382868233,1.997803446165089e-06,4.091501457746102,0.9999999970863368
450.0,0.7038980750080227,1.5,2.237609200084435,-0.25227575232912813,0.5462537345858163,2.7320548758918366,2.68124469176794,3.629735001480848,0.27471769382868233,1.997803446165089e-06,4.091501457746102,0.9999999995092315
450.0,0.7038980750080227,2.0,2.4810708890512356,-0.20742081823513406,0.5756035973738978,2.744933750279953,2.68124469176794,4.83964666864113,0.27471769382868233,1.997803446165089e-06,4.091501457746102,0.9999999988725109
450.0,0.7038980750080227,2.5,2.8983773888783504,-0.1399050583513253,0.6266884390196712,2.781476655112844,2.68124469176794,6.049558335801413,0.27471769382868233,1.997803446165089e-06,4.091501457746102,1.0000000014960317
450.0,0.7038980750080227,3.0,3.767982730541304,-0.025951087665669417,0.7245232889989249,4.948396447158586,2.68124469176794,7.259470002961696,0.27471769382868233,1.997803446165089e-06,4.091501457746102,1.000000001072438
450.0,0.7038980750080227,3.5,4.72427154008798,0.0722748605628452,0.9275418762550864,4.955973329827178,2.68124469176794,8.46938167012198,0.27471769382868233,1.997803446165089e-06,4.091501457746102,0.9999999991728602
450.0,0.7038980750080227,4.0,5.394497895343355,0.12989103666600535,1.2228897773934884,4.968374879280954,2.68124469176794,9.67929333728226,0.27471769382868233,1.997803446165089e-06,4.091501457746102,0.9999999971954336
450.0,0.7038980750080227,4.5,5.990711148929892,0.17541838861124512,1.457737942168046,4.993512806994502,2.68124469176794,10.889205004442543,0.27471769382868233,1.997803446165089e-06,4.091501457746102,1.000000001133577
450.0,0.7038980750080227,5.0,6.545027308088877,0.21385147158747062,1.7071817857011942,5.076379916100366,2.68124469176794,12.099116671602825,0.27471769382868233,1.997803446165089e-06,4.091501457746102,1.0000000000737992
450.0,0.7038980750080227,5.5,7.202866044000671,0.2554453466901138,1.9285441347242118,7.165177264101326,2.68124469176794,13.309028338763108,0.27471769382868233,1.997803446165089e-06,4.091501457746102,1.0000000009548375
450.0,0.7038980750080227,6.0,8.163223386485255,0.3098016897960384,2.0961978365557186,7.177325527051012,2.68124469176794,14.518940005923392,0.27471769382868233,1.997803446165089e-06,4.091501457746102,0.9999999994196668
650.0,0.7270946751741939,0.0,2.724663359923231,-0.16674713974617497,0.36951157172268256,3.8068958632190912,3.7493510574525146,0.0,0.3841548214602986,2.7936526966221592e-06,5.721400722682182,1.00000000028744
650.0,0.7270946751741939,0.5,2.7475846027192588,-0.163108917374039,0.370637695418661,3.8075324964160826,3.7493510574525146,1.2497836858175049,0.3841548214602986,2.7936526966221592e-06,5.721400722682182,0.9999999954468122
650.0,0.7270946751741939,1.0,2.817660850438515,-0.15217127354366383,0.3741262310787107,3.8095567791740454,3.7493510574525146,2.4995673716350097,0.3841548214602986,2.7936526966221592e-06,5.721400722682182,0.9999999961257368
650.0,0.7270946751741939,1.5,2.938978561157778,-0.13386357327332693,0.3803298889086292,3.8133684200343767,3.7493510574525146,3.7493510574525146,0.3841548214602986,2.7936526966221592e-06,5.721400722682182,1.0000000056851732
650.0,0.7270946751741939,2.0,3.116537230494616,-0.10838767193957548,0.3899186920198155,3.819879136999808,3.7493510574525146,4.9991347432700195,0.3841548214602986,2.7936526966221592e-06,5.721400722682182,0.9999999969588121
650.0,0.7270946751741939,2.5,3.3509877716886223,-0.07688714830255187,0.4040313586791743,3.8312028955819333,3.7493510574525146,6.248918429087524,0.3841548214602986,2.7936526966221592e-06,5.721400722682182,1.0000000015237747
650.0,0.7270946751741939,3.0,3.660344650379854,-0.038538011750172206,0.42455775440243876,3.853137045816955,3.7493510574525146,7.498702114905029,0.3841548214602986,2.7936526966221592e-06,5.721400722682182,1.00000000225397
650.0,0.7270946751741939,3.5,4.232334118845677,0.02451995414604285,0.45746971505181394,3.908607405927724,3.7493510574525146,8.748485800722534,0.3841548214602986,2.7936526966221592e-06,5.721400722682182,1.0000000028232914
650.0,0.7270946751741939,4.0,5.147414867674112,0.10952918128991532,0.509219696832413,6.9188821078247225,3.7493510574525146,9.998269486540039,0.3841548214602986,2.7936526966221592e-06,5.721400722682182,1.0000000000188285
650.0,0.7270946751741939,4.5,6.158893972467337,0.1874427362939168,0.5989310287330186,6.925999025811862,3.7493510574525146,11.248053172357544,0.3841548214602986,2.7936526966221592e-06,5.721400722682182,1.00000000065351
650.0,0.7270946751741939,5.0,7.025724154106763,0.24463110307466615,0.7466569965757759,3.634132465687933,3.7493510574525146,12.497836858175049,0.3841548214602986,2.7936526966221592e-06,5.721400722682182,1.0000000019467234
650.0,0.7270946751741939,5.5,7.64226990712525,0.281162380562133,0.8962384074117248,6.9506180938761695,3.7493510574525146,13.747620543992555,0.3841548214602986,2.7936526966221592e-06,5.721400722682182,1.0000000003259841
650.0,0.7270946751741939,6.0,8.265458372392459,0.31520695164674983,1.018557375730492,6.975940178453976,3.7493510574525146,14.997404229810058,0.3841548214602986,2.7936526966221592e-06,5.721400722682182,1.0000000026264786
450.0,0.7386277204483878,0.0,1.8568523443153602,-0.3332826210284749,0.5422050081810105,2.594391517189847,2.555174853192922,0.0,0.261800702171406,1.9038684320517092e-06,3.8991225488419,1.00000000028744
450.0,0.7386277204483878,0.5,1.8917624319829038,-0.3251933946517071,0.5459128336132767,2.5953727401377384,2.555174853192922,1.269607530391843,0.261800702171406,1.9038684320517092e-06,3.8991225488419,0.9999999999928978
450.0,0.7386277204483878,1.0,2.0010109724832197,-0.30081052124454966,0.5578670450473766,2.5987396920851533,2.555174853192922,2.539215060783686,0.261800702171406,1.9038684320517092e-06,3.8991225488419,1.0000000016662853
450.0,0.7386277204483878,1.5,2.193538637872601,-0.2609147026817896,0.5809572385078855,2.606326633704968,2.555174853192922,3.8088225911755296,0.261800702171406,1.9038684320517092e-06,3.8991225488419,0.9999999992660071
450.0,0.7386277204483878,2.0,2.485571453849046,-0.20663373881319325,0.6216318817411144,2.6251100105050464,2.555174853192922,5.078430121567372,0.261800702171406,1.9038684320517092e-06,3.8991225488419,0.9999999994935057
450.0,0.7386277204483878,2.5,3.1383815906319414,-0.10535424371808505,0.7019290391177602,2.708527946250373,2.555174853192922,6.348037651959215,0.261800702171406,1.9038684320517092e-06,3.8991225488419,0.9999999992381424
450.0,0.7386277204483878,3.0,4.160386242152613,0.017073660223986716,0.8685829885125049,4.719741072931622,2.555174853192922,7.617645182351059,0.261800702171406,1.9038684320517092e-06,3.8991225488419,1.0000000005911203
450.0,0.7386277204483878,3.5,4.97824366798188,0.095016158692714,1.1978074827378025,4.730575286710237,2.555174853192922,8.887252712742901,0.261800702171406,1.9038684320517092e-06,3.8991225488419,1.0000000012427166
450.0,0.7386277204483878,4.0,5.601678810967594,0.14625821229857278,1.4815465493292588,4.752372143911668,2.555174853192922,10.156860243134744,0.261800702171406,1.9038684320517092e-06,3.8991225488419,0.9999999988517249
450.0,0.7386277204483878,4.5,6.189446118886669,0.18959179528926606,1.7679060150118042,4.823770016972629,2.555174853192922,11.42646777352659,0.261800702171406,1.9038684320517092e-06,3.8991225488419,0.999999999464099
450.0,0.7386277204483878,5.0,6.87389212321972,0.23514272084071194,2.0259750372247707,6.828377540015536,2.555174853192922,12.69607530391843,0.261800702171406,1.9038684320517092e-06,3.8991225488419,0.9999999998319705
450.0,0.7386277204483878,5.5,7.887087743990787,0.29485668105873847,2.216721350966573,6.841585442424472,2.555174853192922,13.965682834310273,0.261800702171406,1.9038684320517092e-06,3.8991225488419,1.000000000749264
450.0,0.7386277204483878,6.0,8.809926499094592,0.342912293795687,2.402839130180086,6.868303173063418,2.555174853192922,15.235290364702118,0.261800702171406,1.9038684320517092e-06,3.8991225488419,0.9999999993888321
550.0,0.7386277204483878,0.0,2.2694861986076624,-0.2461324453095747,0.4436222794208267,3.170922965454257,3.122991487235794,0.0,0.319978635987274,2.326950305840978e-06,4.765594226362323,1.00000000028744
550.0,0.7386277204483878,0.5,2.297949947714389,-0.2407194263613271,0.4456411479123384,3.171717286641887,3.122991487235794,1.269607530391843,0.319978635987274,2.326950305840978e-06,4.765594226362323,0.9999999984916208
550.0,0.7386277204483878,1.0,2.385782115403764,-0.22442921268040758,0.4519949943761637,3.1743190434285222,3.122991487235794,2.539215060783686,0.319978635987274,2.326950305840978e-06,4.765594226362323,0.9999999967917991
550.0,0.7386277204483878,1.5,2.540722395349785,-0.19710277561011436,0.4636675559340545,3.1795573084938633,3.122991487235794,3.8088225911755296,0.319978635987274,2.326950305840978e-06,4.765594226362323,1.000000004388645
550.0,0.7386277204483878,2.0,2.7643393950686326,-0.16046862832888562,0.482650899514744,3.189699524560082,3.122991487235794,5.078430121567372,0.319978635987274,2.326950305840978e-06,4.765594226362323,0.999999999865731
550.0,0.7386277204483878,2.5,3.0779634560805214,-0.11379653207577459,0.5126641145393782,3.212138765579188,3.122991487235794,6.348037651959215,0.319978635987274,2.326950305840978e-06,4.765594226362323,1.000000001688662
550.0,0.7386277204483878,3.0,3.7404374178619113,-0.029137598470915297,0.5663257695252015,3.2890470100773808,3.122991487235794,7.617645182351059,0.319978635987274,2.326950305840978e-06,4.765594226362323,0.9999999999083696
550.0,0.7386277204483878,3.5,4.7487856947949485,0.07452257967160662,0.6624479785365043,5.765998101260788,3.122991487235794,8.887252712742901,0.319978635987274,2.326950305840978e-06,4.765594226362323,0.9999999996561125
550.0,0.7386277204483878,4.0,5.704635817934188,0.15416793309498336,0.8491257992961944,5.77486886409145,3.122991487235794,10.156860243134744,0.319978635987274,2.326950305840978e-06,4.765594226362323,0.9999999999181604
550.0,0.7386277204483878,4.5,6.354271233797977,0.20100575753705172,1.0724149412266195,5.789097396163456,3.122991487235794,11.42646777352659,0.319978635987274,2.326950305840978e-06,4.765594226362323,0.9999999991396581
550.0,0.7386277204483878,5.0,6.98392669163226,0.24203968072311902,1.2534577561226057,5.816625472905053,3.122991487235794,12.69607530391843,0.319978635987274,2.326950305840978e-06,4.765594226362323,1.0000000011142807
550.0,0.7386277204483878,5.5,7.564878589750373,0.2767419710081662,1.4464685577369312,5.895718909633214,3.122991487235794,13.965682834310273,0.319978635987274,2.326950305840978e-06,4.765594226362323,0.999999999464099
550.0,0.7386277204483878,6.0,8.223971351975152,0.31302159747051694,1.6232193366732708,8.3436649126862,3.122991487235794,15.235290364702118,0.319978635987274,2.326950305840978e-06,4.765594226362323,0.9999999997342248
650.0,0.7386277204483878,0.0,2.682120052899964,-0.17358177816096312,0.3753726979714688,3.7474544137186667,3.690808121278665,0.0,0.3781565698031419,2.750032179630246e-06,5.632065903882744,1.00000000028744
650.0,0.7386277204483878,0.5,2.7061567470664456,-0.16970704296345424,0.37659166737610084,3.748122429152222,3.690808121278665,1.269607530391843,0.3781565698031419,2.750032179630246e-06,5.632065903882744,0.999999996261198
650.0,0.7386277204483878,1.0,2.7797340699202158,-0.15805674126976288,0.3803756491392969,3.750254982177016,3.690808121278665,2.539215060783686,0.3781565698031419,2.750032179630246e-06,5.632065903882744,0.9999999978515323
650.0,0.7386277204483878,1.5,2.907431028541057,-0.13855057034512575,0.38713383961919184,3.7543049149518004,3.690808121278665,3.8088225911755296,0.3781565698031419,2.750032179630246e-06,5.632065903882744,0.999999992907196
650.0,0.7386277204483878,2.0,3.0937337897723802,-0.11157705061584552,0.3976496768214426,3.7613300228223987,3.690808121278665,5.078430121567372,0.3781565698031419,2.750032179630246e-06,5.632065903882744,1.000000000188628
650.0,0.7386277204483878,2.5,3.3420313436770273,-0.07804947266402416,0.4132719080588808,3.773883395229898,3.690808121278665,6.348037651959215,0.3781565698031419,2.750032179630246e-06,5.632065903882744,0.9999999970299029
650.0,0.7386277204483878,3.0,3.671340060387782,-0.0372353781369852,0.43627525837900877,3.7994932579940244,3.690808121278665,7.617645182351059,0.3781565698031419,2.750032179630246e-06,5.632065903882744,1.0000000000138705
650.0,0.7386277204483878,3.5,4.343984345894651,0.035828260219720034,0.4747334540386127,3.8730968167269335,3.690808121278665,8.887252712742901,0.3781565698031419,2.750032179630246e-06,5.632065903882744,0.9999999981213819
650.0,0.7386277204483878,4.0,5.3191480159033215,0.1237820842709867,0.5367547755078398,6.812457527384408,3.690808121278665,10.156860243134744,0.3781565698031419,2.750032179630246e-06,5.632065903882744,0.9999999991703616
650.0,0.7386277204483878,4.5,6.334539424652203,0.19965505210560172,0.6465681706407564,6.820300197748391,3.690808121278665,11.42646777352659,0.3781565698031419,2.750032179630246e-06,5.632065903882744,1.0000000012026673
650.0,0.7386277204483878,5.0,7.120150588501608,0.2504291875706484,0.8114801079402028,6.831495078894385,3.690808121278665,12.69607530391843,0.3781565698031419,2.750032179630246e-06,5.632065903882744,0.9999999991868121
650.0,0.7386277204483878,5.5,7.740263497362209,0.28669575404518227,0.9546674636920297,6.849194151470879,3.690808121278665,13.965682834310273,0.3781565698031419,2.750032179630246e-06,5.632065903882744,1.0000000006824168
650.0,0.7386277204483878,6.0,8.362630595996768,0.3202829217113417,1.0851146358036883,6.882187508214503,3.690808121278665,15.235290364702118,0.3781565698031419,2.750032179630246e-06,5.632065903882744,0.9999999989266731
450.0,0.7409453421137081,0.0,1.8510442489297954,-0.33464319070777143,0.5439063064659471,2.5862764543818266,2.547182457179543,0.0,0.2609818091372482,1.8979132738568346e-06,3.886926384858797,1.00000000028744
450.0,0.7409453421137081,0.5,1.8862886901760076,-0.32645183052172205,0.5476735044155489,2.587267405783479,2.547182457179543,1.2735912285897713,0.2609818091372482,1.8979132738568346e-06,3.886926384858797,0.9999999982627981
450.0,0.7409453421137081,1.0,1.9966427571853687,-0.3017596242349234,0.559830438193008,2.590673690842313,2.547182457179543,2.5471824571795425,0.2609818091372482,1.8979132738568346e-06,3.886926384858797,1.0000000056851732
450.0,0.7409453421137081,1.5,2.191126536475326,-0.2613925327512018,0.5833578068840729,2.598384614339166,2.547182457179543,3.820773685769314,0.2609818091372482,1.8979132738568346e-06,3.886926384858797,1.0000000019519713
450.0,0.7409453421137081,2.0,2.486714510807483,-0.20643406271176873,0.6249320934712479,2.6176911518341752,2.547182457179543,5.094364914359085,0.2609818091372482,1.8979132738568346e-06,3.886926384858797,1.00000000225397
450.0,0.7409453421137081,2.5,3.159645768880037,-0.10242159517918227,0.7076392203432239,2.7073584440320726,2.547182457179543,6.367956142948856,0.2609818091372482,1.8979132738568346e-06,3.886926384858797,1.000000001022848
450.0,0.7409453421137081,3.0,4.184144520453807,0.019546685332320325,0.881602603532292,4.7052897812607695,2.547182457179543,7.641547371538628,0.2609818091372482,1.8979132738568346e-06,3.886926384858797,1.00000000065351
450.0,0.7409453421137081,3.5,4.990177764792197,0.09605602541631442,1.216032641684001,4.716418798666705,2.547182457179543,8.9151386001284,0.2609818091372482,1.8979132738568346e-06,3.886926384858797,1.0000000007477603
450.0,0.7409453421137081,4.0,5.615273215042892,0.1473109006851534,1.4992758618476907,4.739218113377994,2.547182457179543,10.18872982871817,0.2609818091372482,1.8979132738568346e-06,3.886926384858797,1.0000000026264786
450.0,0.7409453421137081,4.5,6.203070299901842,0.19054671175969362,1.7898077751165007,4.81798495512977,2.547182457179543,11.462321057307939,0.2609818091372482,1.8979132738568346e-06,3.886926384858797,1.0000000004507135
450.0,0.7409453421137081,5.0,6.9125785075837225,0.23758008538505024,2.046385711679341,6.807654282983717,2.547182457179543,12.735912285897712,0.2609818091372482,1.8979132738568346e-06,3.886926384858797,1.0000000001549096
450.0,0.7409453421137081,5.5,7.938252575647609,0.29766492164390446,2.2353028713378413,6.821424973994124,2.547182457179543,14.009503514487484,0.2609818091372482,1.8979132738568346e-06,3.886926384858797,0.9999999988884348
450.0,0.7409453421137081,6.0,8.839491920060052,0.3443673118462362,2.426908218379717,6.85002227507997,2.547182457179543,15.283094743077257,0.2609818091372482,1.8979132738568346e-06,3.886926384858797,1.0000000004032377
650.0,0.7634494089329036,0.0,2.5949174856411727,-0.18793643881611294,0.3879871503088166,3.6256151078277066,3.5708105309071576,0.0,0.365861734724094,2.660621615830628e-06,5.448953069221126,1.00000000028744
650.0,0.7634494089329036,0.5,2.6214786389838935,-0.18351366809539338,0.38942688904512057,3.626354368317949,3.5708105309071576,1.31227287010838,0.365861734724094,2.660621615830628e-06,5.448953069221126,0.9999999989817706
650.0,0.7634494089329036,1.0,2.7030165606676713,-0.17021128481364178,0.39391816261461154,3.6287359020310253,3.5708105309071576,2.62454574021676,0.365861734724094,2.660621615830628e-06,5.448953069221126,1.0000000077829772
650.0,0.7634494089329036,1.5,2.845351130584121,-0.14792412317491893,0.4020200770690307,3.6333514837090313,3.5708105309071576,3.9368186103251404,0.365861734724094,2.660621615830628e-06,5.448953069221126,1.0000000051665603
650.0,0.7634494089329036,2.0,3.0518754166480004,-0.1174931904090276,0.41482502463873977,3.641660617456376,3.5708105309071576,5.24909148043352,0.365861734724094,2.660621615830628e-06,5.448953069221126,1.0000000024344822
650.0,0.7634494089329036,2.5,3.33261058168094,-0.07927542237423442,0.43426861315382154,3.657551400421162,3.5708105309071576,6.561364350541901,0.365861734724094,2.660621615830628e-06,5.448953069221126,0.9999999960327765
650.0,0.7634494089329036,3.0,3.7502002823327825,-0.028005529149776477,0.4645348362098407,3.6948901382136534,3.5708105309071576,7.873637220650281,0.365861734724094,2.660621615830628e-06,5.448953069221126,1.0000000019995974
650.0,0.7634494089329036,3.5,4.635124711479022,0.0640014323259159,0.5170421966148988,6.587810345040539,3.5708105309071576,9.185910090758663,0.365861734724094,2.660621615830628e-06,5.448953069221126,0.9999999999264315
650.0,0.7634494089329036,4.0,5.699975099670509,0.1538129671341227,0.6068380253781159,6.594817557231813,3.5708105309071576,10.49818296086704,0.365861734724094,2.660621615830628e-06,5.448953069221126,1.000000002925019
650.0,0.7634494089329036,4.5,6.641621712313652,0.22021414447319396,0.7706538728285871,3.467753869674534,3.5708105309071576,11.81045583097542,0.365861734724094,2.660621615830628e-06,5.448953069221126,0.9999999995456461
650.0,0.7634494089329036,5.0,7.2920324601609225,0.26078860190201325,0.9443627041707221,6.62008205830992,3.5708105309071576,13.122728701083801,0.365861734724094,2.660621615830628e-06,5.448953069221126,1.0000000002650609
650.0,0.7634494089329036,5.5,7.945769804245424,0.29807598769063864,1.0869083052661987,6.648148855943072,3.5708105309071576,14.435001571192181,0.365861734724094,2.660621615830628e-06,5.448953069221126,1.000000001001905
650.0,0.7634494089329036,6.0,8.548306560436313,0.3298200971662378,1.2389820012940338,6.717689967658662,3.5708105309071576,15.747274441300561,0.365861734724094,2.660621615830628e-06,5.448953069221126,1.0000000007941885
450.0,0.7779926092193935,0.0,1.7628992846950435,-0.3558324897777094,0.5711016217892444,2.463120432744597,2.4258880544567076,0.0,0.24855410394023644,1.8075364512922237e-06,3.701834652246474,1.00000000028744
450.0,0.7779926092193935,0.5,1.8037929590064,-0.3458733039763713,0.5759284279019415,2.4642757091106717,2.4258880544567076,1.3372707900192597,0.24855410394023644,1.8075364512922237e-06,3.701834652246474,1.0000000020726878
450.0,0.7779926092193935,1.0,1.9330354435426569,-0.3158201741365154,0.5917575306893951,2.4683762651873575,2.4258880544567076,2.6745415800385195,0.24855410394023644,1.8075364512922237e-06,3.701834652246474,1.0000000051665603
450.0,0.7779926092193935,1.5,2.161419235588129,-0.2673209791676254,0.6234478569490978,2.4784738190985007,2.4258880544567076,4.01181237005778,0.24855410394023644,1.8075364512922237e-06,3.701834652246474,0.9999999969146532
450.0,0.7779926092193935,2.0,2.5477593918767933,-0.195901580111373,0.6837767645806812,2.510183548312003,2.4258880544567076,5.349083160077039,0.24855410394023644,1.8075364512922237e-06,3.701834652246474,1.0000000019995974
450.0,0.7779926092193935,2.5,3.505253218857442,-0.057340594537341194,0.8182139710881505,4.477735758924119,2.4258880544567076,6.686353950096299,0.24855410394023644,1.8075364512922237e-06,3.701834652246474,1.0000000011682904
450.0,0.7779926092193935,3.0,4.5120934405973125,0.05231809351159743,1.1343717859219185,2.355874840019116,2.4258880544567076,8.02362474011556,0.24855410394023644,1.8075364512922237e-06,3.701834652246474,0.9999999995456461
450.0,0.7779926092193935,3.5,5.178858765173294,0.11217407602469434,1.4952932587829204,4.505343048052289,2.4258880544567076,9.360895530134819,0.24855410394023644,1.8075364512922237e-06,3.701834652246474,0.9999999975141373
450.0,0.7779926092193935,4.0,5.8074307195257715,0.1619240462046412,1.8237321255188674,4.563771643730074,2.4258880544567076,10.698166320154078,0.24855410394023644,1.8075364512922237e-06,3.701834652246474,1.0000000007941885
450.0,0.7779926092193935,4.5,6.51229318262167,0.21167395287637072,2.1303510890389825,6.482732061685427,2.4258880544567076,12.035437110173339,0.24855410394023644,1.8075364512922237e-06,3.701834652246474,0.9999999991312195
450.0,0.7779926092193935,5.0,7.586290987706085,0.27796950561135747,2.3515139023449896,6.497038742983746,2.4258880544567076,13.372707900192598,0.24855410394023644,1.8075364512922237e-06,3.701834652246474,0.9999999993508084
450.0,0.7779926092193935,5.5,8.507920330926238,0.3277634231419026,2.578679594654996,6.529661219683626,2.4258880544567076,14.709978690211855,0.24855410394023644,1.8075364512922237e-06,3.701834652246474,1.0000000006331458
450.0,0.7779926092193935,6.0,9.236837644695692,0.36346331879566246,2.8773553739791735,8.475440629342732,2.4258880544567076,16.04724948023112,0.24855410394023644,1.8075364512922237e-06,3.701834652246474,1.0000000010232022
550.0,0.7781886018183509,0.0,2.154112015454509,-0.2687917081371692,0.4673826770925878,3.0097223169527125,2.96422753790879,0.0,0.3037118379004908,2.2086548119361944e-06,4.523325054845326,1.00000000028744
550.0,0.7781886018183509,0.5,2.187452988019306,-0.26212126323964363,0.4700105685094352,3.010655896092712,2.96422753790879,1.3376076764813416,0.3037118379004908,2.2086548119361944e-06,4.523325054845326,1.0000000059716971
550.0,0.7781886018183509,1.0,2.2910157066648034,-0.24203192470754328,0.4783750708031598,3.013780436583424,2.96422753790879,2.675215352962683,0.3037118379004908,2.2086548119361944e-06,4.523325054845326,0.9999999970863368
550.0,0.7781886018183509,1.5,2.473770048042451,-0.20870066446967808,0.49410509398678293,3.0204003099980694,2.96422753790879,4.012823029444025,0.3037118379004908,2.2086548119361944e-06,4.523325054845326,0.9999999995092315
550.0,0.7781886018183509,2.0,2.742927072418813,-0.163845730375684,0.520653043764005,3.034638441353903,2.96422753790879,5.350430705925366,0.3037118379004908,2.2086548119361944e-06,4.523325054845326,0.9999999988725109
550.0,0.7781886018183509,2.5,3.204276766586496,-0.09632997049187529,0.5668610216404827,3.0750381427140248,2.96422753790879,6.688038382406708,0.3037118379004908,2.2086548119361944e-06,4.523325054845326,1.0000000014960317
550.0,0.7781886018183509,3.0,4.165661644581439,0.017624000193780597,0.6553559731319083,5.470658109717583,2.96422753790879,8.02564605888805,0.3037118379004908,2.2086548119361944e-06,4.523325054845326,1.000000001072438
550.0,0.7781886018183509,3.5,5.222878702075425,0.11584994842229522,0.8389931947855584,5.479034668681671,2.96422753790879,9.363253735369392,0.3037118379004908,2.2086548119361944e-06,4.523325054845326,0.9999999991728602
550.0,0.7781886018183509,4.0,5.963841817071933,0.1734661245254554,1.1061454231569383,5.492745097467409,2.96422753790879,10.700861411850733,0.3037118379004908,2.2086548119361944e-06,4.523325054845326,0.9999999971954336
550.0,0.7781886018183509,4.5,6.622980369466452,0.21899347647069517,1.3185735809553298,5.520536122211714,2.96422753790879,12.038469088332073,0.3037118379004908,2.2086548119361944e-06,4.523325054845326,1.000000001133577
550.0,0.7781886018183509,5.0,7.235799941186879,0.2574265594469206,1.5442040269363038,5.612149158333579,2.96422753790879,13.376076764813416,0.3037118379004908,2.2086548119361944e-06,4.523325054845326,1.0000000000737992
550.0,0.7781886018183509,5.5,7.963068027713916,0.29902043454956384,1.7444338054147706,7.921401513803111,2.96422753790879,14.713684441294756,0.3037118379004908,2.2086548119361944e-06,4.523325054845326,1.0000000009548375
550.0,0.7781886018183509,6.0,9.024783017608652,0.35337677765548847,1.8960822846027419,7.934831923822673,2.96422753790879,16.0512921177761,0.3037118379004908,2.2086548119361944e-06,4.523325054845326,0.9999999994196668
450.0,0.8164016305125923,0.0,1.6799606505314844,-0.37676088189804013,0.5992965610366656,2.347238688253714,2.311757971350379,0.0,0.2368604478842601,1.7224977847203232e-06,3.527675463107222,1.00000000028744
450.0,0.8164016305125923,0.5,1.7273455025655187,-0.3646807777615179,0.6054673450174197,2.3485851659357966,2.311757971350379,1.4032910344791119,0.2368604478842601,1.7224977847203232e-06,3.527675463107222,0.999999996489699
450.0,0.8164016305125923,1.0,1.8787953317200643,-0.3281805189155029,0.6261019223147632,2.3535586071543584,2.311757971350379,2.8065820689582237,0.2368604478842601,1.7224977847203232e-06,3.527675463107222,0.999999997709287
450.0,0.8164016305125923,1.5,2.1481960161312514,-0.2699860844865784,0.6691609218319493,2.3672744186561467,2.311757971350379,4.209873103437335,0.2368604478842601,1.7224977847203232e-06,3.527675463107222,0.9999999979407013
450.0,0.8164016305125923,2.0,2.751681218484376,-0.16246187174714471,0.762493030330827,2.4313942095272068,2.311757971350379,5.613164137916447,0.2368604478842601,1.7224977847203232e-06,3.527675463107222,1.0000000008477263
450.0,0.8164016305125923,2.5,3.8610992855960835,-0.015349021967027433,0.9931193280103124,4.270944967082803,2.311757971350379,7.01645517239556,0.2368604478842601,1.7224977847203232e-06,3.527675463107222,1.000000002200048
450.0,0.8164016305125923,3.0,4.685820106381789,0.06872562022589986,1.438421030913746,4.284751604061985,2.311757971350379,8.41974620687467,0.2368604478842601,1.7224977847203232e-06,3.527675463107222,1.0000000011766677
450.0,0.8164016305125923,3.5,5.365086391587971,0.1275167282802252,1.8095671100134127,4.323123930513114,2.311757971350379,9.823037241353783,0.2368604478842601,1.7224977847203232e-06,3.527675463107222,1.000000001264586
450.0,0.8164016305125923,4.0,6.059644737279158,0.18038717192050382,2.180995045442012,6.175931941309818,2.311757971350379,11.226328275832895,0.2368604478842601,1.7224977847203232e-06,3.527675463107222,1.0000000007153906
450.0,0.8164016305125923,4.5,7.1308133704579,0.25107907879805386,2.4492229167907995,6.189749036026079,2.311757971350379,12.629619310312005,0.2368604478842601,1.7224977847203232e-06,3.527675463107222,1.0000000005159428
450.0,0.8164016305125923,5.0,8.11612746326385,0.30728886765402696,2.709304129822626,6.223076365414394,2.311757971350379,14.03291034479112,0.2368604478842601,1.7224977847203232e-06,3.527675463107222,0.9999999997913166
450.0,0.8164016305125923,5.5,8.88033538587558,0.3463693768700665,3.0558731832190014,8.077744391521373,2.311757971350379,15.43620137927023,0.2368604478842601,1.7224977847203232e-06,3.527675463107222,1.0000000004890024
450.0,0.8164016305125923,6.0,9.715971914863042,0.3854262594286759,3.4075945818731257,8.092023087050714,2.311757971350379,16.83949241374934,0.2368604478842601,1.7224977847203232e-06,3.527675463107222,1.0000000000042282
550.0,0.8164016305125923,0.0,2.053285239538481,-0.28961070617914,0.49033354993909006,2.8688472856434277,2.825481964983796,0.0,0.2894961029696512,2.1052750702137284e-06,4.3116033437977155,1.00000000028744
550.0,0.8164016305125923,0.5,2.091853606509322,-0.28152870315462397,0.4936835970743835,2.869931338769757,2.825481964983796,1.4032910344791119,0.2894961029696512,2.1052750702137284e-06,4.3116033437977155,0.9999999978691686
550.0,0.8164016305125923,1.0,2.212545945546724,-0.257167693341047,0.5044837006220905,2.8736506094769685,2.825481964983796,2.8065820689582237,0.2894961029696512,2.1052750702137284e-06,4.3116033437977155,0.9999999927761677
550.0,0.8164016305125923,1.5,2.425240398211092,-0.21730519748578628,0.5253417517922349,2.8820284076152394,2.825481964983796,4.209873103437335,0.2894961029696512,2.1052750702137284e-06,4.3116033437977155,0.9999999927484834
550.0,0.8164016305125923,2.0,2.747817350699358,-0.16307212983261854,0.5620761919317486,2.9027544160485093,2.825481964983796,5.613164137916447,0.2894961029696512,2.1052750702137284e-06,4.3116033437977155,1.000000001357554
550.0,0.8164016305125923,2.5,3.468246170896667,-0.061950075860652744,0.6345550777197145,2.9945138642674194,2.825481964983796,7.01645517239556,0.2894961029696512,2.1052750702137284e-06,4.3116033437977155,0.9999999984933078
550.0,0.8164016305125923,3.0,4.597627527366144,0.06047379305595017,0.7848348525538948,5.219009191299338,2.825481964983796,8.41974620687467,0.2894961029696512,2.1052750702137284e-06,4.3116033437977155,0.9999999996271085
550.0,0.8164016305125923,3.5,5.502706952968902,0.13851639371700555,1.0822873866258216,5.230964384779995,2.825481964983796,9.823037241353783,0.2894961029696512,2.1052750702137284e-06,4.3116033437977155,0.9999999982502411
550.0,0.8164016305125923,4.0,6.1918173154829965,0.18975814303161753,1.3389711030404523,5.254986012673373,2.825481964983796,11.226328275832895,0.2894961029696512,2.1052750702137284e-06,4.3116033437977155,0.9999999987467569
550.0,0.8164016305125923,4.5,6.841625281229983,0.23309929267620763,1.5977236675379136,5.333383406631849,2.825481964983796,12.629619310312005,0.2894961029696512,2.1052750702137284e-06,4.3116033437977155,1.00000000033947
550.0,0.8164016305125923,5.0,7.596335539688462,0.2785441484938272,1.831246254049347,7.550689188841765,2.825481964983796,14.03291034479112,0.2894961029696512,2.1052750702137284e-06,4.3116033437977155,1.0000000005920435
550.0,0.8164016305125923,5.5,8.715438563892988,0.33822925451695396,2.003909659192472,7.565248821809651,2.825481964983796,15.43620137927023,0.2894961029696512,2.1052750702137284e-06,4.3116033437977155,1.0000000005159428
550.0,0.8164016305125923,6.0,9.73738737186758,0.3863824560859783,2.171920346881724,7.594646424163542,2.825481964983796,16.83949241374934,0.2894961029696512,2.1052750702137284e-06,4.3116033437977155,0.9999999987716666
650.0,0.8164016305125923,0.0,2.4266098285454767,-0.21706003903052834,0.41489761917923007,3.3904558830331415,3.3392059586172134,0.0,0.3421317580550423,2.488052355707133e-06,5.095531224488209,1.00000000028744
650.0,0.8164016305125923,0.5,2.4591473928777843,-0.21127543168435392,0.4169169254715639,3.391364765426254,3.3392059586172134,1.4032910344791119,0.3421317580550423,2.488052355707133e-06,5.095531224488209,1.0000000001531386
650.0,0.8164016305125923,1.0,2.559746123038078,-0.1938630974345331,0.4232933713623111,3.3943607925665558,3.3392059586172134,2.8065820689582237,0.3421317580550423,2.488052355707133e-06,5.095531224488209,0.9999999983534826
650.0,0.8164016305125923,1.5,2.737867897674796,-0.1646475017648142,0.4350883311176512,3.400482345332556,3.3392059586172134,4.209873103437335,0.3421317580550423,2.488052355707133e-06,5.095531224488209,1.0000000012205548
650.0,0.8164016305125923,2.0,2.9947947311013774,-0.12569293094823006,0.4544802360052683,3.412689042887378,3.3392059586172134,5.613164137916447,0.3421317580550423,2.488052355707133e-06,5.095531224488209,1.000000000638601
650.0,0.8164016305125923,2.5,3.3589710216883755,-0.0758537341892216,0.4856164477144473,3.4414967887713077,3.3392059586172134,7.01645517239556,0.3421317580550423,2.488052355707133e-06,5.095531224488209,1.000000000421253
650.0,0.8164016305125923,3.0,4.199105655638836,0.021096810931708256,0.5435593419964867,3.564193214725685,3.3392059586172134,8.41974620687467,0.3421317580550423,2.488052355707133e-06,5.095531224488209,0.9999999991699348
650.0,0.8164016305125923,3.5,5.334787181039152,0.12505710760705704,0.6494964089857456,6.167110125785508,3.3392059586172134,9.823037241353783,0.3421317580550423,2.488052355707133e-06,5.095531224488209,0.9999999993857638
650.0,0.8164016305125923,4.0,6.307795854753528,0.19781763806753402,0.854148501220439,3.2285029317449574,3.3392059586172134,11.226328275832895,0.3421317580550423,2.488052355707133e-06,5.095531224488209,0.9999999990399007
650.0,0.8164016305125923,4.5,7.000034797388906,0.24304020758292655,1.0545002396017755,6.196609199541704,3.3392059586172134,12.629619310312005,0.3421317580550423,2.488052355707133e-06,5.095531224488209,1.0000000006810554
650.0,0.8164016305125923,5.0,7.678891289801976,0.2832385279899652,1.2315476361228375,6.236865951656523,3.3392059586172134,14.03291034479112,0.3421317580550423,2.488052355707133e-06,5.095531224488209,1.0000000016512574
650.0,0.8164016305125923,5.5,8.336148349601382,0.3189054433750872,1.4180079891858974,8.915772684829033,3.3392059586172134,15.43620137927023,0.3421317580550423,2.488052355707133e-06,5.095531224488209,0.9999999984200925
650.0,0.8164016305125923,6.0,9.170682197945805,0.36034165227917553,1.5753995127704996,8.925622104414272,3.3392059586172134,16.83949241374934,0.3421317580550423,2.488052355707133e-06,5.095531224488209,1.0000000016341384
550.0,0.8191458966508958,0.0,2.0464064146817837,-0.29106810284832135,0.4919817653606186,2.859236201105077,2.816016161013351,0.0,0.2885262460054663,2.0982220713393847e-06,4.29715880210306,1.00000000028744
550.0,0.8191458966508958,0.5,2.085370610534921,-0.282876742662272,0.49538932411784375,2.8603317390999967,2.816016161013351,1.4080080805066755,0.2885262460054663,2.0982220713393847e-06,4.29715880210306,0.9999999982627981
550.0,0.8191458966508958,1.0,2.2073716219881834,-0.2581845363754734,0.5063856844653973,2.864097528923045,2.816016161013351,2.816016161013351,0.2885262460054663,2.0982220713393847e-06,4.29715880210306,1.0000000056851732
550.0,0.8191458966508958,1.5,2.4223815298932108,-0.21781744489175164,0.5276669901706567,2.8726222755984443,2.816016161013351,4.224024241520026,0.2885262460054663,2.0982220713393847e-06,4.29715880210306,1.0000000019519713
550.0,0.8191458966508958,2.0,2.7491663310268666,-0.16285897485231862,0.5652723473169379,2.893966455889069,2.816016161013351,5.632032322026702,0.2885262460054663,2.0982220713393847e-06,4.29715880210306,1.00000000225397
550.0,0.8191458966508958,2.5,3.4931198286030263,-0.05884650731973216,0.6400837584049375,2.9930973772849314,2.816016161013351,7.040040402533377,0.2885262460054663,2.0982220713393847e-06,4.29715880210306,1.000000001022848
550.0,0.8191458966508958,3.0,4.625745814322268,0.06312177319177041,0.7974395591228355,5.201893578111802,2.816016161013351,8.448048483040052,0.2885262460054663,2.0982220713393847e-06,4.29715880210306,1.00000000065351
550.0,0.8191458966508958,3.5,5.516849094330032,0.1396311132757645,1.099942910533779,5.214197169785409,2.816016161013351,9.856056563546728,0.2885262460054663,2.0982220713393847e-06,4.29715880210306,1.0000000007477603
550.0,0.8191458966508958,4.0,6.207918116543308,0.19088598854460345,1.3561460429960481,5.239402760576935,2.816016161013351,11.264064644053404,0.2885262460054663,2.0982220713393847e-06,4.29715880210306,1.0000000026264786
550.0,0.8191458966508958,4.5,6.857752244323918,0.23412179961914367,1.6189420464333353,5.326482780580914,2.816016161013351,12.672072724560078,0.2885262460054663,2.0982220713393847e-06,4.29715880210306,1.0000000004507135
550.0,0.8191458966508958,5.0,7.642143081176702,0.2811551732445003,1.8510255223594858,7.526144986370969,2.816016161013351,14.080080805066753,0.2885262460054663,2.0982220713393847e-06,4.29715880210306,1.0000000001549096
550.0,0.8191458966508958,5.5,8.776068428165155,0.3412400095033546,2.021907522826825,7.54136905809945,2.816016161013351,15.48808888557343,0.2885262460054663,2.0982220713393847e-06,4.29715880210306,0.9999999988884348
550.0,0.8191458966508958,6.0,9.772426012072472,0.3879423997056862,2.19522108027148,7.572984564005642,2.816016161013351,16.896096966080105,0.2885262460054663,2.0982220713393847e-06,4.29715880210306,1.0000000004032377
650.0,0.8459802007139411,0.0,2.341766650059335,-0.23251637456286334,0.4299295322678408,3.271913111859255,3.222455072744981,0.0,0.33016957712551037,2.401060921148963e-06,4.9173727665130755,1.00000000028744
650.0,0.8459802007139411,0.5,2.3780121085464656,-0.22584592966533773,0.432346840788396,3.272928019384749,3.222455072744981,1.454132851576173,0.33016957712551037,2.401060921148963e-06,4.9173727665130755,1.0000000059716971
650.0,0.8459802007139411,1.0,2.4905966533489474,-0.2057565911332375,0.4400410638202906,3.2763247530111412,3.222455072744981,2.908265703152346,0.33016957712551037,2.401060921148963e-06,4.9173727665130755,0.9999999970863368
650.0,0.8459802007139411,1.5,2.6892715684514634,-0.17242533089537226,0.45451058064527494,3.283521314136473,3.222455072744981,4.362398554728519,0.33016957712551037,2.401060921148963e-06,4.9173727665130755,0.9999999995092315
650.0,0.8459802007139411,2.0,2.981876102845085,-0.12757039680137816,0.47893114261687353,3.298999794795345,3.222455072744981,5.816531406304692,0.33016957712551037,2.401060921148963e-06,4.9173727665130755,0.9999999988725109
650.0,0.8459802007139411,2.5,3.4834160970821073,-0.06005463691756941,0.5214363001444412,3.342918900505141,3.222455072744981,7.270664257880865,0.33016957712551037,2.401060921148963e-06,4.9173727665130755,1.0000000014960317
650.0,0.8459802007139411,3.0,4.528551646676494,0.053899333768086484,0.6028398158661781,5.947232373851371,3.222455072744981,8.724797109457038,0.33016957712551037,2.401060921148963e-06,4.9173727665130755,1.000000001072438
650.0,0.8459802007139411,3.5,5.677867759000812,0.15212528199660108,0.7717614911487207,5.956338653507964,3.222455072744981,10.17892996103321,0.33016957712551037,2.401060921148963e-06,4.9173727665130755,0.9999999991728602
650.0,0.8459802007139411,4.0,6.483379589014346,0.20974145809976125,1.0175057992229926,5.971243460991561,3.222455072744981,11.633062812609383,0.33016957712551037,2.401060921148963e-06,4.9173727665130755,0.9999999971954336
650.0,0.8459802007139411,4.5,7.199938741320169,0.255268810045001,1.2129112838483658,6.0014554901015975,3.222455072744981,13.087195664185558,0.33016957712551037,2.401060921148963e-06,4.9173727665130755,1.000000001133577
650.0,0.8459802007139411,5.0,7.866143852875496,0.29370189302122646,1.4204611072808846,6.101049360411817,3.222455072744981,14.54132851576173,0.33016957712551037,2.401060921148963e-06,4.9173727665130755,1.0000000000737992
650.0,0.8459802007139411,5.5,8.65676761731429,0.3352957681238697,1.6046457149408027,8.611471341168702,3.222455072744981,15.995461367337903,0.33016957712551037,2.401060921148963e-06,4.9173727665130755,1.0000000009548375
650.0,0.8459802007139411,6.0,9.810973497679791,0.38965211122979426,1.744142026896537,8.626071736159675,3.222455072744981,17.449594218914076,0.33016957712551037,2.401060921148963e-06,4.9173727665130755,0.9999999994196668
550.0,0.8601031914834406,0.0,1.9489584901731267,-0.31225740191825957,0.5165808536286497,2.723082096290549,2.681920153346048,0.0,0.27478690095758684,1.9983067346089376e-06,4.092532192479104,1.00000000028744
550.0,0.8601031914834406,0.5,1.9941681481697149,-0.3022982161169214,0.5209468640318162,2.7243593023690273,2.681920153346048,1.4784084845320091,0.27478690095758684,1.9983067346089376e-06,4.092532192479104,1.0000000020726878
550.0,0.8601031914834406,1.0,2.137051090896406,-0.27224508627706556,0.5352648262265304,2.7288926376817533,2.681920153346048,2.9568169690640183,0.27478690095758684,1.9983067346089376e-06,4.092532192479104,1.0000000051665603
550.0,0.8601031914834406,1.5,2.3895388730342013,-0.22374589130817552,0.5639298048685433,2.7400559035563026,2.681920153346048,4.435225453596027,0.27478690095758684,1.9983067346089376e-06,4.092532192479104,0.9999999969146532
550.0,0.8601031914834406,2.0,2.816653986319789,-0.1523264922519231,0.6184993550392625,2.7751123282246217,2.681920153346048,5.9136339381280365,0.27478690095758684,1.9983067346089376e-06,4.092532192479104,1.0000000019995974
550.0,0.8601031914834406,2.5,3.875203240711883,-0.013765506677891335,0.7401023837252992,4.950323140902859,2.681920153346048,7.3920424226600465,0.27478690095758684,1.9983067346089376e-06,4.092532192479104,1.0000000011682904
550.0,0.8601031914834406,3.0,4.9883069871616765,0.09589318137104731,1.0260778872731904,2.6045176324606527,2.681920153346048,8.870450907192055,0.27478690095758684,1.9983067346089376e-06,4.092532192479104,0.9999999995456461
550.0,0.8601031914834406,3.5,5.725443788774363,0.1557491638841442,1.3525436429811133,4.980844147408524,2.681920153346048,10.348859391724066,0.27478690095758684,1.9983067346089376e-06,4.092532192479104,0.9999999975141373
550.0,0.8601031914834406,4.0,6.420356230883553,0.20549913406409104,1.6496277759445699,5.045439390372056,2.681920153346048,11.827267876256073,0.27478690095758684,1.9983067346089376e-06,4.092532192479104,1.0000000007941885
550.0,0.8601031914834406,4.5,7.199611003848496,0.2552490407358206,1.9269750638365406,7.166929955005882,2.681920153346048,13.305676360788082,0.27478690095758684,1.9983067346089376e-06,4.092532192479104,0.9999999991312195
550.0,0.8601031914834406,5.0,8.386960252225247,0.3215445934708073,2.127024355468026,7.182746586293122,2.681920153346048,14.784084845320093,0.27478690095758684,1.9983067346089376e-06,4.092532192479104,0.9999999993508084
550.0,0.8601031914834406,5.5,9.405859827972888,0.37133851100135246,2.3325034554590123,7.218812091274993,2.681920153346048,16.262493329852102,0.27478690095758684,1.9983067346089376e-06,4.092532192479104,1.0000000006331458
550.0,0.8601031914834406,6.0,10.211708238961899,0.40703840665511226,2.6026658629095447,9.369952166821154,2.681920153346048,17.74090181438411,0.27478690095758684,1.9983067346089376e-06,4.092532192479104,1.0000000010232022
650.0,0.8905054744357275,0.0,2.2246783175563682,-0.25479276927401556,0.4525574023872007,3.1083174562662923,3.0613323191077324,0.0,0.3136610982692349,2.281007875091515e-06,4.671504128187422,1.00000000028744
650.0,0.8905054744357275,0.5,2.267036864252467,-0.24660140908796618,0.45569190054999587,3.1095084316296764,3.0613323191077324,1.5306661595538664,0.3136610982692349,2.281007875091515e-06,4.671504128187422,0.9999999982627981
650.0,0.8905054744357275,1.0,2.399665946605214,-0.2219092028011675,0.46580708087777634,3.1136022767758336,3.0613323191077324,3.061332319107733,0.3136610982692349,2.281007875091515e-06,4.671504128187422,1.0000000056851732
650.0,0.8905054744357275,1.5,2.633406359430535,-0.18154211131744583,0.4853830349221719,3.122869653458862,3.0613323191077324,4.5919984786615995,0.3136610982692349,2.281007875091515e-06,4.671504128187422,1.0000000019519713
650.0,0.8905054744357275,2.0,2.9886588920522437,-0.12658364127801278,0.5199749323139168,3.146073223755503,3.0613323191077324,6.122664638215466,0.3136610982692349,2.281007875091515e-06,4.671504128187422,1.00000000225397
650.0,0.8905054744357275,2.5,3.7974216106666043,-0.02257117374542635,0.5887914215715818,3.253839897006013,3.0613323191077324,7.653330797769331,0.3136610982692349,2.281007875091515e-06,4.671504128187422,1.000000001022848
650.0,0.8905054744357275,3.0,5.028715870815962,0.09939710676607624,0.7335377057580531,5.655054524084147,3.0613323191077324,9.183996957323199,0.3136610982692349,2.281007875091515e-06,4.671504128187422,1.00000000065351
650.0,0.8905054744357275,3.5,5.997447268212848,0.17590644685007034,1.0118003174375987,5.6684299383850245,3.0613323191077324,10.714663116877066,0.3136610982692349,2.281007875091515e-06,4.671504128187422,1.0000000007477603
650.0,0.8905054744357275,4.0,6.7487185008588915,0.22716132211890933,1.2474729221439955,5.695831304464023,3.0613323191077324,12.245329276430931,0.3136610982692349,2.281007875091515e-06,4.671504128187422,1.0000000026264786
650.0,0.8905054744357275,4.5,7.455162677201292,0.27039713319344955,1.4892100860938458,5.790497266711483,3.0613323191077324,13.775995435984797,0.3136610982692349,2.281007875091515e-06,4.671504128187422,1.0000000004507135
650.0,0.8905054744357275,5.0,8.307885418254482,0.31743050681880614,1.7026958337315536,8.181782194309942,3.0613323191077324,15.306661595538662,0.3136610982692349,2.281007875091515e-06,4.671504128187422,1.0000000001549096
650.0,0.8905054744357275,5.5,9.540592233027178,0.37751534307766044,1.8598844120308784,8.198332505155474,3.0613323191077324,16.83732775509253,0.3136610982692349,2.281007875091515e-06,4.671504128187422,0.9999999988884348
650.0,0.8905054744357275,6.0,10.62374712227538,0.42421773327999207,2.019309697433776,8.232702183623774,3.0613323191077324,18.367993914646398,0.3136610982692349,2.281007875091515e-06,4.671504128187422,1.0000000004032377
450.0,0.9023647554129298,0.0,1.5199204158447865,-0.4202391427676052,0.6623995770073605,2.1236306945694707,2.091530022465557,0.0,0.21429610885917597,1.558405280752004e-06,3.191614014980104,1.00000000028744
450.0,0.9023647554129298,0.5,1.5844040645459756,-0.40219404347829707,0.6727150862187159,2.125493968357178,2.091530022465557,1.5510507619954705,0.21429610885917597,1.558405280752004e-06,3.191614014980104,1.0000000021027131
450.0,0.9023647554129298,1.0,1.7926272830759937,-0.34856998940094724,0.7091876234503097,2.1332644104059364,2.091530022465557,3.102101523990941,0.21429610885917597,1.558405280752004e-06,3.191614014980104,1.000000001774699
450.0,0.9023647554129298,1.5,2.221188643658332,-0.2554745469529372,0.7969859079941295,2.1662104923578616,2.091530022465557,4.653152285986412,0.21429610885917597,1.558405280752004e-06,3.191614014980104,0.9999999999864606
450.0,0.9023647554129298,2.0,3.3814804129445912,-0.07295311518828283,1.051287540797079,3.8631281488756786,2.091530022465557,6.204203047981882,0.21429610885917597,1.558405280752004e-06,3.191614014980104,0.9999999985890283
450.0,0.9023647554129298,2.5,4.304919935160407,0.031905087332471264,1.6344628184266337,3.878647322183701,2.091530022465557,7.755253809977353,0.21429610885917597,1.558405280752004e-06,3.191614014980104,1.0000000006050638
450.0,0.9023647554129298,3.0,5.044853777747233,0.10078859164579819,2.1438230389204738,3.943082254784834,2.091530022465557,9.306304571972824,0.21429610885917597,1.558405280752004e-06,3.191614014980104,1.0000000008607195
450.0,0.9023647554129298,3.5,5.980039660028462,0.17464407294044798,2.5902928808442067,5.593446571389214,2.091530022465557,10.857355333968295,0.21429610885917597,1.558405280752004e-06,3.191614014980104,0.9999999986235537
450.0,0.9023647554129298,4.0,7.173581487091486,0.25367604463776955,2.9197768739438383,5.620080348796894,2.091530022465557,12.408406095963764,0.21429610885917597,1.558405280752004e-06,3.191614014980104,0.9999999994485284
450.0,0.9023647554129298,4.5,8.030985502033753,0.3027088505676224,3.37570753825928,7.308177494335277,2.091530022465557,13.959456857959236,0.21429610885917597,1.558405280752004e-06,3.191614014980104,1.0000000006019745
450.0,0.9023647554129298,5.0,8.964739045197165,0.35047766086579285,3.841800471038194,7.325347078134547,2.091530022465557,15.510507619954707,0.21429610885917597,1.558405280752004e-06,3.191614014980104,1.000000000037668
450.0,0.9023647554129298,5.5,10.209395015734618,0.40694001627191057,4.189765589246187,9.022731214110765,2.091530022465557,17.061558381950178,0.21429610885917597,1.558405280752004e-06,3.191614014980104,1.000000000595595
450.0,0.9023647554129298,6.0,11.147660097701378,0.4451237268813026,4.414991939179549,2.0884117597866947,2.091530022465557,18.612609143945647,0.21429610885917597,1.558405280752004e-06,3.191614014980104,1.0000000000815108
550.0,0.9023647554129298,0.0,1.8576805082547385,-0.3330889670487052,0.5419632902787497,2.595548626696019,2.5563144719023474,0.0,0.2619174663834372,1.9047175653635601e-06,3.900861573864571,1.00000000028744
550.0,0.9023647554129298,0.5,1.9100306293169296,-0.32101965966313034,0.5475386368442311,2.5970361303894216,2.5563144719023474,1.5510507619954705,0.2619174663834372,1.9047175653635601e-06,3.900861573864571,1.000000003627497
550.0,0.9023647554129298,1.0,2.0773408768337767,-0.2845522243157218,0.5661802308584551,2.6025293174116673,2.5563144719023474,3.102101523990941,0.2619174663834372,1.9047175653635601e-06,3.900861573864571,0.9999999966608493
550.0,0.9023647554129298,1.5,2.3749422061075296,-0.22640694573506961,0.6050720695514595,2.617669949025351,2.5563144719023474,4.653152285986412,0.2619174663834372,1.9047175653635601e-06,3.900861573864571,1.0000000005623397
550.0,0.9023647554129298,2.0,3.040937541938552,-0.11905249110161999,0.6893229339791905,2.688266886501971,2.5563144719023474,6.204203047981882,0.2619174663834372,1.9047175653635601e-06,3.900861573864571,1.0000000019560837
550.0,0.9023647554129298,2.5,4.266877543511942,0.028050187753478655,0.8973419292377984,4.722736678732282,2.5563144719023474,7.755253809977353,0.2619174663834372,1.9047175653635601e-06,3.900861573864571,0.9999999989509712
550.0,0.9023647554129298,3.0,5.17959593813171,0.11223589029289535,1.299898848390221,4.737967948906296,2.5563144719023474,9.306304571972824,0.2619174663834372,1.9047175653635601e-06,3.900861573864571,1.0000000003594913
550.0,0.9023647554129298,3.5,5.930452929929084,0.1710278719278967,1.6353312718525321,4.780205806141128,2.5563144719023474,10.857355333968295,0.2619174663834372,1.9047175653635601e-06,3.900861573864571,1.000000000005349
550.0,0.9023647554129298,4.0,6.697669811800459,0.22386374213451493,1.9712941677395786,6.829233066978019,2.5563144719023474,12.408406095963764,0.2619174663834372,1.9047175653635601e-06,3.900861573864571,0.9999999995360149
550.0,0.9023647554129298,4.5,7.879730119823158,0.2944513518622619,2.2140904269670156,6.844464804903406,2.5563144719023474,13.959456857959236,0.2619174663834372,1.9047175653635601e-06,3.900861573864571,1.000000000070439
550.0,0.9023647554129298,5.0,8.970806816758978,0.35077151306606186,2.4488580239695046,6.881117667266586,2.5563144719023474,15.510507619954707,0.2619174663834372,1.9047175653635601e-06,3.900861573864571,1.0000000006748035
550.0,0.9023647554129298,5.5,9.815648946930137,0.3898590262865224,2.761942531303048,8.932216937520892,2.5563144719023474,17.061558381950178,0.2619174663834372,1.9047175653635601e-06,3.900861573864571,1.0000000006019745
550.0,0.9023647554129298,6.0,10.7385762430897,0.4288867136149008,3.080036951621097,8.947946662392784,2.5563144719023474,18.612609143945647,0.2619174663834372,1.9047175653635601e-06,3.900861573864571,0.9999999998590422
650.0,0.9023647554129298,0.0,2.1954406006646914,-0.2605382999000934,0.45858432254355747,3.0674665588225682,3.0210989213391377,0.0,0.30953882390769855,2.2510298499751165e-06,4.610109132749039,1.00000000028744
650.0,0.9023647554129298,0.5,2.2395396028309733,-0.25190124464598895,0.4619364768334771,3.0687078935680754,3.0210989213391377,1.5510507619954705,0.30953882390769855,2.2510298499751165e-06,4.610109132749039,0.9999999994792634
650.0,0.9023647554129298,1.0,2.377943133704585,-0.22585852666917616,0.47279787087923114,3.0730093766967386,3.0210989213391377,3.102101523990941,0.30953882390769855,2.2510298499751165e-06,4.610109132749039,1.0000000022344018
650.0,0.9023647554129298,1.5,2.621943631474827,-0.18343664066443252,0.4939971851319539,3.082947710629282,3.0210989213391377,4.653152285986412,0.30953882390769855,2.2510298499751165e-06,4.610109132749039,0.9999999987338445
650.0,0.9023647554129298,2.0,2.995968367296543,-0.12552276774148285,0.5319740391722103,3.10913695575457,3.0210989213391377,6.204203047981882,0.30953882390769855,2.2510298499751165e-06,4.610109132749039,0.9999999981251588
650.0,0.9023647554129298,2.5,3.9084351276250415,-0.010057083413560559,0.6099836279019186,5.573568084468708,3.0210989213391377,7.755253809977353,0.30953882390769855,2.2510298499751165e-06,4.610109132749039,1.0000000027101787
650.0,0.9023647554129298,3.0,5.150198499889488,0.1097639766929045,0.7821256210442358,5.58239812897994,3.0210989213391377,9.306304571972824,0.30953882390769855,2.2510298499751165e-06,4.610109132749039,0.9999999997417142
650.0,0.9023647554129298,3.5,6.055255594719818,0.18007248827887737,1.076702824969024,5.5974695813867905,3.0210989213391377,10.857355333968295,0.30953882390769855,2.2510298499751165e-06,4.610109132749039,0.9999999990134176
650.0,0.9023647554129298,4.0,6.816872412122339,0.23152517428120684,1.3158272842597563,5.631118046050587,3.0210989213391377,12.408406095963764,0.30953882390769855,2.2510298499751165e-06,4.610109132749039,0.9999999982576291
650.0,0.9023647554129298,4.5,7.538736868455958,0.2752385936646156,1.5663712705742021,8.066381758497245,3.0210989213391377,13.959456857959236,0.30953882390769855,2.2510298499751165e-06,4.610109132749039,0.9999999994329688
650.0,0.9023647554129298,5.0,8.506248357406657,0.327678067355313,1.7737179785475965,8.077770340808211,3.0210989213391377,15.510507619954707,0.30953882390769855,2.2510298499751165e-06,4.610109132749039,1.0000000006599084
650.0,0.9023647554129298,5.5,9.788778261619907,0.3886684995204067,1.9282105921703467,8.097791561661927,3.0210989213391377,17.061558381950178,0.30953882390769855,2.2510298499751165e-06,4.610109132749039,1.000000000457631
650.0,0.9023647554129298,6.0,10.75921165891869,0.429720459860755,2.1099867855821457,8.145293453545586,3.0210989213391377,18.612609143945647,0.30953882390769855,2.2510298499751165e-06,4.610109132749039,0.9999999991263783
650.0,0.9350307481575139,0.0,2.1187412548155886,-0.27598206834395367,0.47518527250656084,2.9603023393012307,2.9155545896264115,0.0,0.2987248554945094,2.172388452468109e-06,4.449051550654687,1.00000000028744
650.0,0.9350307481575139,0.5,2.1678893346728287,-0.26602288254261547,0.47920141795334226,2.961690808692969,2.9155545896264115,1.6071994675315597,0.2987248554945094,2.172388452468109e-06,4.449051550654687,1.0000000020726878
650.0,0.9350307481575139,1.0,2.323219469660774,-0.23596975270275958,0.4923720275867468,2.9666190637571037,2.9155545896264115,3.2143989350631195,0.2987248554945094,2.172388452468109e-06,4.449051550654687,1.0000000051665603
650.0,0.9350307481575139,1.5,2.5977026272290593,-0.18747055773386956,0.5187399728787949,2.9787548132182335,2.9155545896264115,4.821598402594679,0.2987248554945094,2.172388452468109e-06,4.449051550654687,0.9999999969146532
650.0,0.9350307481575139,2.0,3.062025708318909,-0.11605115867761719,0.5689366582307344,3.0168651647550204,2.9155545896264115,6.428797870126239,0.2987248554945094,2.172388452468109e-06,4.449051550654687,1.0000000019995974
650.0,0.9350307481575139,2.5,4.212790071358567,0.022509826896414644,0.6807951754752319,5.381568625593189,2.9155545896264115,8.035997337657799,0.2987248554945094,2.172388452468109e-06,4.449051550654687,1.0000000011682904
650.0,0.9350307481575139,3.0,5.422861419919445,0.13216851494535325,0.9438543783648782,2.8314091780881476,2.9155545896264115,9.643196805189358,0.2987248554945094,2.172388452468109e-06,4.449051550654687,0.9999999995456461
650.0,0.9350307481575139,3.5,6.224213608739475,0.19202449745845016,1.244159196091723,5.414748457769247,2.9155545896264115,11.250396272720918,0.2987248554945094,2.172388452468109e-06,4.449051550654687,0.9999999975141373
650.0,0.9350307481575139,4.0,6.979663079318297,0.24177446763839702,1.5174368518313555,5.4849708903257826,2.9155545896264115,12.857595740252478,0.2987248554945094,2.172388452468109e-06,4.449051550654687,1.0000000007941885
650.0,0.9350307481575139,4.5,7.826802330265666,0.29152437431012657,1.7725592506778323,7.7912742845003935,2.9155545896264115,14.464795207784036,0.2987248554945094,2.172388452468109e-06,4.449051550654687,0.9999999991312195
650.0,0.9350307481575139,5.0,9.117587048921544,0.3578199270451133,1.956577834585681,7.808468775501331,2.9155545896264115,16.071994675315597,0.2987248554945094,2.172388452468109e-06,4.449051550654687,0.9999999993508084
650.0,0.9350307481575139,5.5,10.225247666905698,0.4076138445756584,2.1455911157356824,7.847676112992679,2.9155545896264115,17.679194142847155,0.2987248554945094,2.172388452468109e-06,4.449051550654687,1.0000000006331458
650.0,0.9350307481575139,6.0,11.101297250362109,0.44331374022941816,2.394104385833949,10.186211923748663,2.9155545896264115,19.286393610378717,0.2987248554945094,2.172388452468109e-06,4.449051550654687,1.0000000010232022
450.0,0.9954622042046599,0.0,1.3777746744153871,-0.4628817938286099,0.7307396915011796,1.9250248620173576,1.8959263035695444,0.0,0.194254744218191,1.412660364261188e-06,2.893128426006913,1.00000000028744
450.0,0.9954622042046599,0.5,1.4653385695286734,-0.43612201039898396,0.7479259904005967,1.9276204440543312,1.8959263035695444,1.7110734889715138,0.194254744218191,1.412660364261188e-06,2.893128426006913,0.9999999970863368
450.0,0.9954622042046599,1.0,1.7543820502526646,-0.35793581606712477,0.814026413956909,1.9409612687307758,1.8959263035695444,3.4221469779430276,0.194254744218191,1.412660364261188e-06,2.893128426006913,0.9999999988725109
450.0,0.9954622042046599,1.5,2.6643661401595593,-0.17646608549766005,1.0246306615574412,3.499044683785255,1.8959263035695444,5.133220466914541,0.194254744218191,1.412660364261188e-06,2.893128426006913,1.000000001072438
450.0,0.9954622042046599,2.0,3.8144860428938445,-0.02062396116598531,1.7294273084772869,3.513171568616456,1.8959263035695444,6.844293955886055,0.194254744218191,1.412660364261188e-06,2.893128426006913,0.9999999971954336
450.0,0.9954622042046599,2.5,4.628033192600779,0.06333647375547995,2.414319634774948,3.5895426625537654,1.8959263035695444,8.55536744485757,0.194254744218191,1.412660364261188e-06,2.893128426006913,1.0000000000737992
450.0,0.9954622042046599,3.0,5.772270612924336,0.15928669196404774,2.9644714098742377,5.075135550961082,1.8959263035695444,10.266440933829083,0.194254744218191,1.412660364261188e-06,2.893128426006913,0.9999999994196668
450.0,0.9954622042046599,3.5,6.9125208566062595,0.23757646334939914,3.470150027628006,5.131565382414022,1.8959263035695444,11.977514422800597,0.194254744218191,1.412660364261188e-06,2.893128426006913,0.9999999988726374
450.0,0.9954622042046599,4.0,7.891676387898579,0.2951092766065386,4.113074438160407,6.634815430356887,1.8959263035695444,13.68858791177211,0.194254744218191,1.412660364261188e-06,2.893128426006913,0.9999999996746876
450.0,0.9954622042046599,4.5,9.204889480810435,0.361958587154405,4.6077642031073145,8.178509608611817,1.8959263035695444,15.399661400743627,0.194254744218191,1.412660364261188e-06,2.893128426006913,1.000000000954772
450.0,0.9954622042046599,5.0,10.25326332503364,0.40880211977077613,4.915179298083592,1.8945258957518463,1.8959263035695444,17.11073488971514,0.194254744218191,1.412660364261188e-06,2.893128426006913,1.0000000003850713
450.0,0.9954622042046599,5.5,11.413994115031644,0.45537765296611044,5.405515514645975,1.9018998873145874,1.8959263035695444,18.821808378686654,0.194254744218191,1.412660364261188e-06,2.893128426006913,0.9999999993197178
450.0,0.9954622042046599,6.0,12.693024557009297,0.501505128947001,6.026884045889231,9.751986900322583,1.8959263035695444,20.532881867658165,0.194254744218191,1.412660364261188e-06,2.893128426006913,1.0000000001481095
450.0,0.9973793796812823,0.0,1.3751262982087882,-0.46371740363717057,0.7321470339501678,1.9213245544588364,1.8922819296344744,0.0,0.19388134524943385,1.409944930332703e-06,2.887567217321376,1.00000000028744
450.0,0.9973793796812823,0.5,1.4632210284613791,-0.43675005741679435,0.7495075719230452,1.9239374700592304,1.8922819296344744,1.7143688708734073,0.19388134524943385,1.409944930332703e-06,2.887567217321376,1.0000000031990408
450.0,0.9973793796812823,1.0,1.754197930712912,-0.3579813969577599,0.8164147329302055,1.9374423817159363,1.8922819296344744,3.4287377417468146,0.19388134524943385,1.409944930332703e-06,2.887567217321376,1.0000000011819163
450.0,0.9973793796812823,1.5,2.6749284569128373,-0.17474782036640693,1.0312848425384382,3.4924199671269056,1.8922819296344744,5.143106612620222,0.19388134524943385,1.409944930332703e-06,2.887567217321376,0.9999999989621644
450.0,0.9973793796812823,2.0,3.819497771480662,-0.020053730357098863,1.7434185845529775,3.506781765679705,1.8922819296344744,6.857475483493629,0.19388134524943385,1.409944930332703e-06,2.887567217321376,0.9999999992553879
450.0,0.9973793796812823,2.5,4.634371281966892,0.06393083295771448,2.4324419576067426,5.051454125509852,1.8922819296344744,8.571844354367036,0.19388134524943385,1.409944930332703e-06,2.887567217321376,0.9999999988929205
450.0,0.9973793796812823,3.0,5.793393883327062,0.16087306514282526,2.9797062898579805,5.065898395311084,1.8922819296344744,10.286213225240443,0.19388134524943385,1.409944930332703e-06,2.887567217321376,1.00000000196207
450.0,0.9973793796812823,3.5,6.923639728296268,0.23827446994303544,3.4937895725537165,6.607864962584157,1.8922819296344744,12.00058209611385,0.19388134524943385,1.409944930332703e-06,2.887567217321376,0.9999999998969575
450.0,0.9973793796812823,4.0,7.909584145727728,0.29609365930456405,4.139237498754741,6.622754893247951,1.8922819296344744,13.714950966987258,0.19388134524943385,1.409944930332703e-06,2.887567217321376,1.000000000433631
450.0,0.9973793796812823,4.5,9.231662464892267,0.36321992576677814,4.629458721356879,8.163145108630093,1.8922819296344744,15.429319837860664,0.19388134524943385,1.409944930332703e-06,2.887567217321376,0.9999999998761744
450.0,0.9973793796812823,5.0,10.274212688411486,0.4096885605652605,4.938037625468222,1.891229103387301,1.8922819296344744,17.14368870873407,0.19388134524943385,1.409944930332703e-06,2.887567217321376,1.000000000127171
450.0,0.9973793796812823,5.5,11.450120032385957,0.4567500481103577,5.441227162386915,1.8986624963822722,1.8922819296344744,18.85805757960748,0.19388134524943385,1.409944930332703e-06,2.887567217321376,0.9999999998966036
450.0,0.9973793796812823,6.0,12.721117494597715,0.5024652725331766,6.065585410516177,9.73438468314061,1.8922819296344744,20.572426450480886,0.19388134524943385,1.409944930332703e-06,2.887567217321376,1.0000000003037002
550.0,0.9973793796812823,0.0,1.6807099200329632,-0.3765672279182704,0.5990293914137736,2.3482855665608,2.312789025108802,0.0,0.2369660886381969,1.7232660259621923e-06,3.5292488211705697,1.00000000028744
550.0,0.9973793796812823,0.5,1.751950124959787,-0.35853825294513814,0.6083493625057409,2.350344001448899,2.312789025108802,1.7143688708734073,0.2369660886381969,1.7232660259621923e-06,3.5292488211705697,0.999999997302439
550.0,0.9973793796812823,1.0,1.9819839239260777,-0.3049598637712941,0.6412970703476566,2.3589253062651805,2.312789025108802,3.4287377417468146,0.2369660886381969,1.7232660259621923e-06,3.5292488211705697,1.0000000001382003
550.0,0.9973793796812823,1.5,2.454792574940988,-0.2120451903330771,0.7205613114222568,2.3952550993727986,2.312789025108802,5.143106612620222,0.2369660886381969,1.7232660259621923e-06,3.5292488211705697,1.0000000006865701
550.0,0.9973793796812823,2.0,3.7368386800835482,-0.02955564163507422,0.9499296648275105,4.271781654205962,2.312789025108802,6.857475483493629,0.2369660886381969,1.7232660259621923e-06,3.5292488211705697,0.999999999480354
550.0,0.9973793796812823,2.5,4.758351567772178,0.07539653512966484,1.4770966346605916,4.288900842892792,2.312789025108802,8.571844354367036,0.2369660886381969,1.7232660259621923e-06,3.5292488211705697,0.9999999999740109
550.0,0.9973793796812823,3.0,5.576434362771652,0.14429660339036263,1.9374415038070152,4.35971193824265,2.312789025108802,10.286213225240443,0.2369660886381969,1.7232660259621923e-06,3.5292488211705697,1.0000000028114497
550.0,0.9973793796812823,3.5,6.608562638712783,0.21804701945019558,2.3414615467693762,6.185113979197061,2.312789025108802,12.00058209611385,0.2369660886381969,1.7232660259621923e-06,3.5292488211705697,1.0000000002739664
550.0,0.9973793796812823,4.0,7.92873874069367,0.29714411635259086,2.6391999602877845,6.214432719685823,2.312789025108802,13.714950966987258,0.2369660886381969,1.7232660259621923e-06,3.5292488211705697,0.9999999997898075
550.0,0.9973793796812823,4.5,8.876841782810775,0.34619848793449215,3.051014118593128,8.081244678156652,2.312789025108802,15.429319837860664,0.2369660886381969,1.7232660259621923e-06,3.5292488211705697,0.9999999993945506
550.0,0.9973793796812823,5.0,9.908228890285333,0.3939360393512472,3.4725843823783693,8.100154308795036,2.312789025108802,17.14368870873407,0.2369660886381969,1.7232660259621923e-06,3.5292488211705697,1.00000000005726
550.0,0.9973793796812823,5.5,11.283143012646102,0.4503701014856782,3.787738953837447,9.977177354992335,2.312789025108802,18.85805757960748,0.2369660886381969,1.7232660259621923e-06,3.5292488211705697,0.9999999998761744
550.0,0.9973793796812823,6.0,12.321349712006624,0.4885982928291821,3.991528678972339,2.3092791395757732,2.312789025108802,20.572426450480886,0.2369660886381969,1.7232660259621923e-06,3.5292488211705697,0.9999999998422426
650.0,0.9973793796812823,0.0,1.9862935418571381,-0.3040165607696587,0.5068710235039623,2.7752465786627636,2.7332961205831294,0.0,0.28005083202695996,2.036587121591682e-06,4.1709304250197645,1.00000000028744
650.0,0.9973793796812823,0.5,2.0461720143421687,-0.291117850837726,0.5124532536011155,2.7769519323543848,2.7332961205831294,1.7143688708734073,0.28005083202695996,2.036587121591682e-06,4.1709304250197645,1.0000000049411217
650.0,0.9973793796812823,1.0,2.2383881156974534,-0.2521245999793159,0.5312615826956606,2.7833511219073563,2.7332961205831294,3.4287377417468146,0.28005083202695996,2.036587121591682e-06,4.1709304250197645,0.9999999991470904
650.0,0.9973793796812823,1.5,2.5813988925838744,-0.19020487192063637,0.5711515349617143,2.801868510921023,2.7332961205831294,5.143106612620222,0.28005083202695996,2.036587121591682e-06,4.1709304250197645,0.999999998298312
650.0,0.9973793796812823,2.0,3.4097657283421587,-0.06933544998454519,0.6613388845421706,2.9100162049260527,2.7332961205831294,6.857475483493629,0.28005083202695996,2.036587121591682e-06,4.1709304250197645,0.999999999490491
650.0,0.9973793796812823,2.5,4.771544595039569,0.07659899578700524,0.8958488598834641,5.051710887701911,2.7332961205831294,8.571844354367036,0.28005083202695996,2.036587121591682e-06,4.1709304250197645,0.9999999984718285
650.0,0.9973793796812823,3.0,5.703546084294026,0.15408496364162752,1.2787823866907027,5.071296094536418,2.7332961205831294,10.286213225240443,0.28005083202695996,2.036587121591682e-06,4.1709304250197645,0.9999999997074064
650.0,0.9973793796812823,3.5,6.519021184748398,0.2121224010336513,1.607739887922307,5.13734595908863,2.7332961205831294,12.00058209611385,0.28005083202695996,2.036587121591682e-06,4.1709304250197645,1.0000000008472811
650.0,0.9973793796812823,4.0,7.454361920645806,0.27035048326152883,1.9143611125666438,7.30546253668804,2.7332961205831294,13.714950966987258,0.28005083202695996,2.036587121591682e-06,4.1709304250197645,1.0000000002617433
650.0,0.9973793796812823,4.5,8.850631966477959,0.34491429064163703,2.1303987406837335,7.326237499331883,2.7332961205831294,15.429319837860664,0.28005083202695996,2.036587121591682e-06,4.1709304250197645,1.0000000001347855
650.0,0.9973793796812823,5.0,9.89946783979736,0.39355185776945384,2.3850110640632627,7.388183299696658,2.7332961205831294,17.14368870873407,0.28005083202695996,2.036587121591682e-06,4.1709304250197645,1.0000000007860275
650.0,0.9973793796812823,5.5,10.845941444109052,0.4332072640758285,2.6973521281990376,9.555689774095201,2.7332961205831294,18.85805757960748,0.28005083202695996,2.036587121591682e-06,4.1709304250197645,1.0000000001378726
650.0,0.9973793796812823,6.0,11.94681178567064,0.47519203038887975,2.9865673759243654,9.57853431415741,2.7332961205831294,20.572426450480886,0.28005083202695996,2.036587121591682e-06,4.1709304250197645,0.9999999992100871
450.0,1.047854951794379,0.0,1.308885940694618,-0.48515818853976206,0.7691996752643995,1.82877361891649,1.801129988391067,0.0,0.1845420070072815,1.3420273460481287e-06,2.7484720047065676,1.00000000028744
450.0,1.047854951794379,0.5,1.4118396332127794,-0.45227462206691404,0.7917197983218247,1.831882934636181,1.801129988391067,1.8011299883910674,0.1845420070072815,1.3420273460481287e-06,2.7484720047065676,1.0000000056851732
450.0,1.047854951794379,1.0,1.7583726934669597,-0.3569490605437593,0.8837874421492496,1.8509871645139697,1.801129988391067,3.602259976782135,0.1845420070072815,1.3420273460481287e-06,2.7484720047065676,1.00000000225397
450.0,1.047854951794379,1.5,2.958636963877422,-0.13096831249967025,1.2467743585387983,3.327142311777257,1.801129988391067,5.403389965173202,0.1845420070072815,1.3420273460481287e-06,2.7484720047065676,1.00000000065351
450.0,1.047854951794379,2.0,3.9705977685720155,-0.003204097146837202,2.1202962575636155,3.351133265491696,1.801129988391067,7.20451995356427,0.1845420070072815,1.3420273460481287e-06,2.7484720047065676,1.0000000026264786
450.0,1.047854951794379,2.5,4.8879311381968344,0.08706508755305964,2.8940264273034426,4.81373850747143,1.801129988391067,9.005649941955339,0.1845420070072815,1.3420273460481287e-06,2.7484720047065676,1.0000000001549096
450.0,1.047854951794379,3.0,6.250464678918158,0.1938523140142456,3.4321665170673215,4.843697201987949,1.801129988391067,10.806779930346403,0.1845420070072815,1.3420273460481287e-06,2.7484720047065676,1.0000000004032377
450.0,1.047854951794379,3.5,7.254835846609042,0.25856759888226183,4.17026714147399,6.298548071789593,1.801129988391067,12.607909918737471,0.1845420070072815,1.3420273460481287e-06,2.7484720047065676,0.9999999994531913
450.0,1.047854951794379,4.0,8.575798650072633,0.33121458440355245,4.794363190703851,7.768323257226727,1.801129988391067,14.40903990712854,0.1845420070072815,1.3420273460481287e-06,2.7484720047065676,0.9999999997603551
450.0,1.047854951794379,4.5,9.712754504807673,0.3852824205155473,5.164009761042913,1.7995528525714286,1.801129988391067,16.210169895519606,0.1845420070072815,1.3420273460481287e-06,2.7484720047065676,0.9999999992706962
450.0,1.047854951794379,5.0,10.947945307036475,0.43727262779817727,5.740450582647994,1.8075877447608262,1.801129988391067,18.011299883910677,0.1845420070072815,1.3420273460481287e-06,2.7484720047065676,0.9999999998043795
450.0,1.047854951794379,5.5,12.252996142631691,0.48618230546329333,6.4584534505463065,9.269173017969509,1.801129988391067,19.812429872301742,0.1845420070072815,1.3420273460481287e-06,2.7484720047065676,1.0000000000504425
450.0,1.047854951794379,6.0,13.426827789581957,0.5259134274307653,7.016790676015079,10.730849589453804,1.801129988391067,21.613559860692806,0.1845420070072815,1.3420273460481287e-06,2.7484720047065676,1.0000000006450185
450.0,1.100247699384098,0.0,1.246558038756779,-0.5063474876097002,0.8076596590276195,1.7416891608728475,1.7153618937057784,0.0,0.17575429238788712,1.2781212819505987e-06,2.617592385434826,1.00000000028744
450.0,1.100247699384098,0.5,1.366862470402958,-0.4663351719685061,0.8368715255373557,1.7454055956339036,1.7153618937057784,1.8911864878106208,0.17575429238788712,1.2781212819505987e-06,2.617592385434826,1.0000000051665603
450.0,1.100247699384098,1.0,1.8015379428277947,-0.3464165779433637,0.9670063741055943,1.7749678090343264,1.7153618937057784,3.7823729756212416,0.17575429238788712,1.2781212819505987e-06,2.617592385434826,1.0000000019995974
450.0,1.100247699384098,1.5,3.1905318691936997,-0.09819690432039326,1.6042439644241668,1.6658550750042893,1.7153618937057784,5.673559463431864,0.17575429238788712,1.2781212819505987e-06,2.617592385434826,0.9999999995456461
450.0,1.100247699384098,2.0,4.106473643047743,0.011409048372650542,2.5791467060442943,3.2270738770684106,1.7153618937057784,7.564745951242483,0.17575429238788712,1.2781212819505987e-06,2.617592385434826,1.0000000007941885
450.0,1.100247699384098,2.5,5.364317801461363,0.12745450777936676,3.325542852805167,4.594100152795529,1.7153618937057784,9.455932439053104,0.17575429238788712,1.2781212819505987e-06,2.617592385434826,0.9999999993508084
450.0,1.100247699384098,3.0,6.5314305352835,0.21294832096367172,4.069194993648457,5.993041542552223,1.7153618937057784,11.347118926863727,0.17575429238788712,1.2781212819505987e-06,2.617592385434826,1.0000000010232022
450.0,1.100247699384098,3.5,7.762626775258586,0.28794871459041405,4.878017358212396,6.018829478198083,1.7153618937057784,13.238305414674347,0.17575429238788712,1.2781212819505987e-06,2.617592385434826,0.9999999997923436
450.0,1.100247699384098,4.0,9.06752054700254,0.35542855703696746,5.354427554770454,1.7118210004801384,1.7153618937057784,15.129491902484967,0.17575429238788712,1.2781212819505987e-06,2.617592385434826,0.9999999999382081
450.0,1.100247699384098,4.5,10.32006694572324,0.411622523217483,5.970881605577393,1.7207191673509479,1.7153618937057784,17.02067839029559,0.17575429238788712,1.2781212819505987e-06,2.617592385434826,1.0000000004372973
450.0,1.100247699384098,5.0,11.694978448675064,0.46593943450681,6.798421978078542,8.828538710329461,1.7153618937057784,18.911864878106208,0.17575429238788712,1.2781212819505987e-06,2.617592385434826,0.9999999998545321
450.0,1.100247699384098,5.5,12.955025320865978,0.510378274832293,7.434246253752175,10.221710389127031,1.7153618937057784,20.80305136591683,0.17575429238788712,1.2781212819505987e-06,2.617592385434826,1.0000000005785337
450.0,1.100247699384098,6.0,14.364304367486842,0.5552246075571196,8.165317056786275,11.621702445300631,1.7153618937057784,22.694237853727454,0.17575429238788712,1.2781212819505987e-06,2.617592385434826,0.9999999996083004
550.0,1.1005248747756682,0.0,1.5231872135633044,-0.41930670596915975,0.6609789207625825,2.128195059805751,2.0960253930352093,0.0,0.21475670010606654,1.5617547948203818e-06,3.198473819792142,1.00000000028744
550.0,1.1005248747756682,0.5,1.6199927419875726,-0.3925469225395339,0.6765245130310181,2.131064583715493,2.0960253930352093,1.8916629172142767,0.21475670010606654,1.5617547948203818e-06,3.198473819792142,0.9999999970863368
550.0,1.1005248747756682,1.0,1.939542333207507,-0.3143607282076746,0.7363145957818884,2.14581342033072,2.0960253930352093,3.7833258344285534,0.21475670010606654,1.5617547948203818e-06,3.198473819792142,0.9999999988725109
550.0,1.1005248747756682,1.5,2.9455675970122415,-0.13289099763820997,0.9268133053853627,3.868339446934483,2.0960253930352093,5.674988751642831,0.21475670010606654,1.5617547948203818e-06,3.198473819792142,1.000000001072438
550.0,1.1005248747756682,2.0,4.217072990775465,0.02295112669346476,1.5643258593854685,3.883957305748369,2.0960253930352093,7.566651668857107,0.21475670010606654,1.5617547948203818e-06,3.198473819792142,0.9999999971954336
550.0,1.1005248747756682,2.5,5.116483205722464,0.10691156161493003,2.1838342779644693,3.968388726888049,2.0960253930352093,9.458314586071383,0.21475670010606654,1.5617547948203818e-06,3.198473819792142,1.0000000000737992
550.0,1.1005248747756682,3.0,6.3814852704882705,0.20286177982349782,2.68146528226056,5.6107734609105115,2.0960253930352093,11.349977503285661,0.21475670010606654,1.5617547948203818e-06,3.198473819792142,0.9999999994196668
550.0,1.1005248747756682,3.5,7.6420793456230225,0.28115155120884927,3.138868802150051,5.673158986881312,2.0960253930352093,13.241640420499936,0.21475670010606654,1.5617547948203818e-06,3.198473819792142,0.9999999988726374
550.0,1.1005248747756682,4.0,8.724576515188929,0.3386843644659887,3.7204158125945215,7.335064445251395,2.0960253930352093,15.133303337714214,0.21475670010606654,1.5617547948203818e-06,3.198473819792142,0.9999999996746876
550.0,1.1005248747756682,4.5,10.176388214845845,0.4055336750138551,4.1678795411285225,9.041682572027264,2.0960253930352093,17.02496625492849,0.21475670010606654,1.5617547948203818e-06,3.198473819792142,1.000000000954772
550.0,1.1005248747756682,5.0,11.335409108616137,0.4523772076302263,4.4459469570179175,2.0944771839402816,2.0960253930352093,18.916629172142766,0.21475670010606654,1.5617547948203818e-06,3.198473819792142,1.0000000003850713
550.0,1.1005248747756682,5.5,12.6186452796282,0.4989527408255606,4.889472752870609,2.102629438347234,2.0960253930352093,20.808292089357046,0.21475670010606654,1.5617547948203818e-06,3.198473819792142,0.9999999993197178
550.0,1.1005248747756682,6.0,14.032666636788969,0.5450802168064512,5.451521736871002,10.781227169610332,2.0960253930352093,22.699955006571322,0.21475670010606654,1.5617547948203818e-06,3.198473819792142,1.0000000001481095
450.0,1.102398582221007,0.0,1.2441258873244256,-0.5071956645067358,0.8092385592149488,1.7382909622686689,1.7120150620645165,0.0,0.17541137930988895,1.2756275476759255e-06,2.6124852176402955,1.00000000028744
450.0,1.102398582221007,0.5,1.3651875604055883,-0.46686766899635646,0.8387583463705387,1.7420346409365732,1.7120150620645165,1.8948835830740811,0.17541137930988895,1.2756275476759255e-06,2.6124852176402955,0.9999999988248003
450.0,1.102398582221007,1.0,1.8067850741370621,-0.3451534971332518,0.9709634208426261,1.7722068500475443,1.7120150620645165,3.7897671661481622,0.17541137930988895,1.2756275476759255e-06,2.6124852176402955,1.0000000019881108
450.0,1.102398582221007,1.5,3.1962509348415358,-0.09741912327082165,1.621323516115395,1.6610581009984762,1.7120150620645165,5.684650749222244,0.17541137930988895,1.2756275476759255e-06,2.6124852176402955,1.0000000010867982
450.0,1.102398582221007,2.0,4.111979795096573,0.011990980685612962,2.59947661046572,3.2236145921120394,1.7120150620645165,7.5795343322963245,0.17541137930988895,1.2756275476759255e-06,2.6124852176402955,1.0000000010973893
450.0,1.102398582221007,2.5,5.385381435137072,0.12915647755183068,3.3429304488672673,4.585690474528876,1.7120150620645165,9.474417915370404,0.17541137930988895,1.2756275476759255e-06,2.6124852176402955,0.9999999999424377
450.0,1.102398582221007,3.0,6.542753869882166,0.21370059166907537,4.097577367163867,5.981665919166465,1.7120150620645165,11.369301498444488,0.17541137930988895,1.2756275476759255e-06,2.6124852176402955,0.9999999997243413
450.0,1.102398582221007,3.5,7.792086595067027,0.2895937789736539,4.905373828736236,6.008521467838371,1.7120150620645165,13.264185081518571,0.17541137930988895,1.2756275476759255e-06,2.6124852176402955,0.9999999998479414
450.0,1.102398582221007,4.0,9.082503301814148,0.3561455730883648,5.377328772033581,1.7089298259549277,1.7120150620645165,15.159068664592649,0.17541137930988895,1.2756275476759255e-06,2.6124852176402955,0.9999999990295468
450.0,1.102398582221007,4.5,10.353236850028878,0.41301615811098386,6.01090987086559,1.7177422870016947,1.7120150620645165,17.05395224766673,0.17541137930988895,1.2756275476759255e-06,2.6124852176402955,0.9999999993935667
450.0,1.102398582221007,5.0,11.715837090215068,0.4667133328191422,6.840766369185011,8.812671003040158,1.7120150620645165,18.94883583074081,0.17541137930988895,1.2756275476759255e-06,2.6124852176402955,1.0000000002865441
450.0,1.102398582221007,5.5,12.992099675742741,0.5116193525010185,7.473919941980514,10.202506859961156,1.7120150620645165,20.843719413814895,0.17541137930988895,1.2756275476759255e-06,2.6124852176402955,0.9999999998797787
450.0,1.102398582221007,6.0,14.392665124711046,0.5560812294178965,8.222373073704947,11.5995366974254,1.7120150620645165,22.738602996888975,0.17541137930988895,1.2756275476759255e-06,2.6124852176402955,0.9999999997798138
550.0,1.102398582221007,0.0,1.5205983067298536,-0.42004548878783565,0.6621042757213219,2.1245778427728177,2.0924628536344088,0.0,0.21439168582319762,1.5591003360483533e-06,3.1930374882270276,1.00000000028744
550.0,1.102398582221007,0.5,1.6179224832107642,-0.3931022811717812,0.6777891079721949,2.1274643357724217,2.0924628536344088,1.8948835830740811,0.21439168582319762,1.5591003360483533e-06,3.1930374882270276,1.0000000014651527
550.0,1.102398582221007,1.0,1.9393609833250527,-0.3144013372390807,0.7382238519473427,2.142373400438337,2.0924628536344088,3.7897671661481622,0.21439168582319762,1.5591003360483533e-06,3.1930374882270276,1.000000001773046
550.0,1.102398582221007,1.5,2.9558913523820016,-0.13137152436841243,0.9321305143602184,3.8618636612770754,2.0924628536344088,5.684650749222244,0.21439168582319762,1.5591003360483533e-06,3.1930374882270276,1.0000000001934146
550.0,1.102398582221007,2.0,4.22197442335901,0.02345560670390902,1.5755134075581987,3.8777104846439205,2.0924628536344088,7.5795343322963245,0.21439168582319762,1.5591003360483533e-06,3.1930374882270276,0.999999999186926
550.0,1.102398582221007,2.5,5.122675293485398,0.10743683717833476,2.19832523362227,5.585814842459226,2.0924628536344088,9.474417915370404,0.21439168582319762,1.5591003360483533e-06,3.1930374882270276,1.0000000010654633
550.0,1.102398582221007,3.0,6.402137242867152,0.2042649885677824,2.69364592153658,5.60174338791755,2.0924628536344088,11.369301498444488,0.21439168582319762,1.5591003360483533e-06,3.1930374882270276,0.999999999792778
550.0,1.102398582221007,3.5,7.652952685667845,0.2817690369868697,3.1577598620016327,7.306864644764739,2.0924628536344088,13.264185081518571,0.21439168582319762,1.5591003360483533e-06,3.1930374882270276,0.9999999984496682
550.0,1.102398582221007,4.0,8.742075227054965,0.3395545480201683,3.74133598473537,7.323274174214452,2.0924628536344088,15.159068664592649,0.21439168582319762,1.5591003360483533e-06,3.1930374882270276,0.9999999988801851
550.0,1.102398582221007,4.5,10.202574800570126,0.4066497961757401,4.185238216137898,9.02666295169782,2.0924628536344088,17.05395224766673,0.21439168582319762,1.5591003360483533e-06,3.1930374882270276,1.0000000004677736
550.0,1.102398582221007,5.0,11.35588692440064,0.4531610680847393,4.464203095769454,2.0912553718002393,2.0924628536344088,18.94883583074081,0.21439168582319762,1.5591003360483533e-06,3.1930374882270276,0.9999999994683892
550.0,1.102398582221007,5.5,12.653956150035297,0.5001663338298841,4.918017167071847,2.0994627952242935,2.0924628536344088,20.843719413814895,0.21439168582319762,1.5591003360483533e-06,3.1930374882270276,0.9999999993935667
550.0,1.102398582221007,6.0,14.06014367042544,0.545929767119299,5.482440049881822,10.76401507069989,2.0924628536344088,22.738602996888975,0.21439168582319762,1.5591003360483533e-06,3.1930374882270276,1.0000000005225351
650.0,1.102398582221007,0.0,1.7970707261352814,-0.34749482163922396,0.5602420794565031,2.510864723276966,2.472910645204301,0.0,0.25337199233650626,1.842573124420781e-06,3.7735897588137597,1.00000000028744
650.0,1.102398582221007,0.5,1.8785997376839096,-0.32822573396960436,0.5695823028984818,2.513228844120802,2.472910645204301,1.8948835830740811,0.25337199233650626,1.842573124420781e-06,3.7735897588137597,1.0000000004482774
650.0,1.102398582221007,1.0,2.1425020735703364,-0.27113874041080405,0.6029926669314372,2.5233560167918276,2.472910645204301,3.7897671661481622,0.25337199233650626,1.842573124420781e-06,3.7735897588137597,1.0000000048344173
650.0,1.102398582221007,1.5,2.73783223555292,-0.16465315870817018,0.6871142439308149,2.5718064232555355,2.472910645204301,5.684650749222244,0.25337199233650626,1.842573124420781e-06,3.7735897588137597,1.0000000011025367
650.0,1.102398582221007,2.0,4.186934168287675,0.01983614114813539,0.9461753673832674,4.5691844591007165,2.472910645204301,7.5795343322963245,0.25337199233650626,1.842573124420781e-06,3.7735897588137597,0.9999999972696544
650.0,1.102398582221007,2.5,5.245238699629942,0.11770526546725252,1.4514011265281586,4.591300252091624,2.472910645204301,9.474417915370404,0.25337199233650626,1.842573124420781e-06,3.7735897588137597,0.99999999762934
650.0,1.102398582221007,3.0,6.140783714761313,0.1861638099884436,1.9005483381670494,6.602379618555268,2.472910645204301,11.369301498444488,0.25337199233650626,1.842573124420781e-06,3.7735897588137597,1.0000000002762457
650.0,1.102398582221007,3.5,7.425069130594799,0.26864051014897616,2.2548457965363884,6.618058998265991,2.472910645204301,13.264185081518571,0.25337199233650626,1.842573124420781e-06,3.7735897588137597,0.999999999254626
650.0,1.102398582221007,4.0,8.764761563815329,0.34068011473473425,2.5621528711810395,6.663478066472534,2.472910645204301,15.159068664592649,0.25337199233650626,1.842573124420781e-06,3.7735897588137597,1.0000000003704441
650.0,1.102398582221007,4.5,9.808193948682796,0.3895290537348265,2.9796415941930965,8.645304609296394,2.472910645204301,17.05395224766673,0.25337199233650626,1.842573124420781e-06,3.7735897588137597,1.0000000006676293
650.0,1.102398582221007,5.0,11.07863965799555,0.44242644548178334,3.360726352594609,8.673408257476074,2.472910645204301,18.94883583074081,0.25337199233650626,1.842573124420781e-06,3.7735897588137597,1.0000000000251505
650.0,1.102398582221007,5.5,12.512202677577546,0.4952737793175278,3.619552986238254,10.672517456724204,2.472910645204301,20.843719413814895,0.25337199233650626,1.842573124420781e-06,3.7735897588137597,0.9999999997413712
650.0,1.102398582221007,6.0,13.632848217941675,0.5325266081685575,3.821448198443247,2.4731102722216507,2.472910645204301,22.738602996888975,0.25337199233650626,1.842573124420781e-06,3.7735897588137597,0.9999999997460363
550.0,1.1584472366059666,0.0,1.447027852885139,-0.44158310068031204,0.6957672850132448,2.021785306815463,1.991224123383449,0.0,0.2040188651007632,1.4836670550793627e-06,3.0385501288025347,1.00000000028744
550.0,1.1584472366059666,0.5,1.5608474425065928,-0.408699534207464,0.7161375027625477,2.025222784681119,1.991224123383449,1.9912241233834493,0.2040188651007632,1.4836670550793627e-06,3.0385501288025347,1.0000000056851732
550.0,1.1584472366059666,1.0,1.943954155278838,-0.3133739726843093,0.7994158200100883,2.0463433054855598,1.991224123383449,3.9824482467668987,0.2040188651007632,1.4836670550793627e-06,3.0385501288025347,1.00000000225397
550.0,1.1584472366059666,1.5,3.2708962333525635,-0.08739322464022023,1.1277498396843355,3.6782942240936083,1.991224123383449,5.973672370150348,0.2040188651007632,1.4836670550793627e-06,3.0385501288025347,1.00000000065351
550.0,1.1584472366059666,2.0,4.389660997258592,0.0403709907126128,1.9178801265636176,3.704817221371467,1.991224123383449,7.964896493533797,0.2040188651007632,1.4836670550793627e-06,3.0385501288025347,1.0000000026264786
550.0,1.1584472366059666,2.5,5.403811195497902,0.13064017541250966,2.6177453980195278,5.321788156056048,1.991224123383449,9.956120616917246,0.2040188651007632,1.4836670550793627e-06,3.0385501288025347,1.0000000001549096
550.0,1.1584472366059666,3.0,6.910148701780255,0.2374274018736956,3.1045114241272445,5.3549087390294385,1.991224123383449,11.947344740300696,0.2040188651007632,1.4836670550793627e-06,3.0385501288025347,1.0000000004032377
550.0,1.1584472366059666,3.5,8.020522806274183,0.3021426867417118,3.7721485592228685,6.963306892714188,1.991224123383449,13.938568863684146,0.2040188651007632,1.4836670550793627e-06,3.0385501288025347,0.9999999994531913
550.0,1.1584472366059666,4.0,9.480902133309087,0.37478967226300247,4.336664676069765,8.588204498137522,1.991224123383449,15.929792987067595,0.2040188651007632,1.4836670550793627e-06,3.0385501288025347,0.9999999997603551
550.0,1.1584472366059666,4.5,10.73785412442707,0.4288575083749973,4.671022579394233,1.9894805341310584,1.991224123383449,17.921017110451043,0.2040188651007632,1.4836670550793627e-06,3.0385501288025347,0.9999999992706962
550.0,1.1584472366059666,5.0,12.10340893625741,0.4808477156576273,5.19243292096921,1.9983634416721214,1.991224123383449,19.912241233834493,0.2040188651007632,1.4836670550793627e-06,3.0385501288025347,0.9999999998043795
550.0,1.1584472366059666,5.5,13.546196920927116,0.5297573933227433,5.841890951301343,10.247456339163682,1.991224123383449,21.903465357217947,0.2040188651007632,1.4836670550793627e-06,3.0385501288025347,1.0000000000504425
550.0,1.1584472366059666,6.0,14.843916634253436,0.5694885152902154,6.346925974038066,11.863400589985849,1.991224123383449,23.894689480601393,0.2040188651007632,1.4836670550793627e-06,3.0385501288025347,1.0000000006450185
650.0,1.1963966733487683,0.0,1.6558790782134607,-0.3830313723948539,0.6080121753979014,2.313591948848858,2.278619834006966,0.0,0.2334651469269432,1.6978064593864502e-06,3.47710762882345,1.00000000028744
650.0,1.1963966733487683,0.5,1.761117782783562,-0.35627158896522804,0.6223120404557395,2.3167114502235187,2.278619834006966,2.0564544001912863,0.2334651469269432,1.6978064593864502e-06,3.47710762882345,0.9999999970863368
650.0,1.1963966733487683,1.0,2.1085048129798745,-0.2780853946333688,0.6773109173316254,2.332745126032817,2.278619834006966,4.112908800382573,0.2334651469269432,1.6978064593864502e-06,3.47710762882345,0.9999999988725109
650.0,1.1963966733487683,1.5,3.202169578318455,-0.09661566406390412,0.8525442435364482,4.205328340842473,2.278619834006966,6.1693632005738595,0.2334651469269432,1.6978064593864502e-06,3.47710762882345,1.000000001072438
650.0,1.1963966733487683,2.0,4.584441672398496,0.05922646026777068,1.4389705010544311,4.222306743382963,2.278619834006966,8.225817600765145,0.2334651469269432,1.6978064593864502e-06,3.47710762882345,0.9999999971954336
650.0,1.1963966733487683,2.5,5.562203660157139,0.14318689518923586,2.0088353627401303,4.314093375101044,2.278619834006966,10.282272000956432,0.2334651469269432,1.6978064593864502e-06,3.47710762882345,1.0000000000737992
650.0,1.1963966733487683,3.0,6.937405890250881,0.2391371133978037,2.4665893091419817,6.099553819640121,2.278619834006966,12.338726401147719,0.2334651469269432,1.6978064593864502e-06,3.47710762882345,0.9999999994196668
650.0,1.1963966733487683,3.5,8.30781613040271,0.3174268847831551,2.887339351884358,6.167374036563244,2.278619834006966,14.395180801339004,0.2334651469269432,1.6978064593864502e-06,3.47710762882345,0.9999999988726374
650.0,1.1963966733487683,4.0,9.484614621978924,0.37495969804029455,3.4222847969048265,7.974055745797144,2.278619834006966,16.45163520153029,0.2334651469269432,1.6978064593864502e-06,3.47710762882345,0.9999999996746876
650.0,1.1963966733487683,4.5,11.062900336013708,0.441809008588161,3.833891561434821,9.829345250241609,2.278619834006966,18.50808960172158,0.2334651469269432,1.6978064593864502e-06,3.47710762882345,1.000000000954772
650.0,1.1963966733487683,5.0,12.322888886414395,0.4886525412045321,4.089676381693729,2.2769367532758755,2.278619834006966,20.564544001912864,0.2334651469269432,1.6978064593864502e-06,3.47710762882345,1.0000000003850713
650.0,1.1963966733487683,5.5,13.717913679863605,0.5352280743998664,4.497660775008964,2.2857991881706425,2.278619834006966,22.62099840210415,0.2334651469269432,1.6978064593864502e-06,3.47710762882345,0.9999999993197178
650.0,1.1963966733487683,6.0,15.255116960340205,0.5813555503807571,5.014670644322188,11.720429602255402,2.278619834006966,24.677452802295438,0.2334651469269432,1.6978064593864502e-06,3.47710762882345,1.0000000001481095
550.0,1.216369598436265,0.0,1.378121764652513,-0.4627723997502502,0.7305556492639071,1.9255098160147261,1.8964039270318558,0.0,0.19430368104834586,1.4130162429327261e-06,2.893857265526223,1.00000000028744
550.0,1.216369598436265,0.5,1.5111233181149577,-0.42276008410905613,0.7569787767108372,1.929618489234812,1.8964039270318558,2.090785329552622,0.19430368104834586,1.4130162429327261e-06,2.893857265526223,1.0000000051665603
550.0,1.216369598436265,1.0,1.9916751339828438,-0.30284149008391376,0.8746901762155371,1.962300745842018,1.8964039270318558,4.181570659105244,0.19430368104834586,1.4130162429327261e-06,2.893857265526223,1.0000000019995974
550.0,1.216369598436265,1.5,3.5272656972622576,-0.05462181646094331,1.451093264232878,1.8416720796328594,1.8964039270318558,6.272355988657865,0.19430368104834586,1.4130162429327261e-06,2.893857265526223,0.9999999995456461
550.0,1.216369598436265,2.0,4.539877428491064,0.054984136232100446,2.332925973608176,3.5676644069978005,1.8964039270318558,8.363141318210488,0.19430368104834586,1.4130162429327261e-06,2.893857265526223,1.0000000007941885
550.0,1.216369598436265,2.5,5.930476467890509,0.17102959563881673,3.008066691000774,5.078968818712392,1.8964039270318558,10.45392664776311,0.19430368104834586,1.4130162429327261e-06,2.893857265526223,0.9999999993508084
550.0,1.216369598436265,3.0,7.220768143268495,0.25652340882312163,3.680725361652153,6.625556716552822,1.8964039270318558,12.54471197731573,0.19430368104834586,1.4130162429327261e-06,2.893857265526223,1.0000000010232022
550.0,1.216369598436265,3.5,8.581906800366404,0.33152380244986396,4.412332717644872,6.654066352104538,1.8964039270318558,14.635497306868354,0.19430368104834586,1.4130162429327261e-06,2.893857265526223,0.9999999997923436
550.0,1.216369598436265,4.0,10.02452114441519,0.3990036448964174,4.843261954449201,1.892489322281136,1.8964039270318558,16.726282636420976,0.19430368104834586,1.4130162429327261e-06,2.893857265526223,0.9999999999382081
550.0,1.216369598436265,4.5,11.409263290104342,0.4551976110769329,5.40086562363683,1.9023266158919514,1.8964039270318558,18.817067965973596,0.19430368104834586,1.4130162429327261e-06,2.893857265526223,1.0000000004372973
550.0,1.216369598436265,5.0,12.929285148515946,0.5095145223662599,6.149404054852444,9.760316783096991,1.8964039270318558,20.90785329552622,0.19430368104834586,1.4130162429327261e-06,2.893857265526223,0.9999999998545321
550.0,1.216369598436265,5.5,14.322319379622003,0.553953362691743,6.724528751673063,11.300526025470681,1.8964039270318558,22.998638625078843,0.19430368104834586,1.4130162429327261e-06,2.893857265526223,1.0000000005785337
550.0,1.216369598436265,6.0,15.88033598713906,0.5987996954165694,7.3858071740861355,12.848275478739343,1.8964039270318558,25.08942395463146,0.19430368104834586,1.4130162429327261e-06,2.893857265526223,0.9999999996083004
450.0,1.218475796513094,0.0,1.1256051357078891,-0.550673925376301,0.8944474475121053,1.5726939326791773,1.5489211870780484,0.0,0.15870094129898038,1.1541058132006059e-06,2.363608705434841,1.00000000028744
450.0,1.218475796513094,0.5,1.2922371940747965,-0.490717754276362,0.9454509085467621,1.5782566248291994,1.5489211870780484,2.094405617371248,0.15870094129898038,1.1541058132006059e-06,2.363608705434841,1.00000000062078
450.0,1.218475796513094,1.0,2.172831054202669,-0.2650340317262281,1.252461471427847,2.858601238206187,1.5489211870780484,4.188811234742496,0.15870094129898038,1.1541058132006059e-06,2.363608705434841,1.000000001072274
450.0,1.218475796513094,1.5,3.4571978303536577,-0.06333575955162246,2.51893938099458,2.8844576769259516,1.5489211870780484,6.2832168521137435,0.15870094129898038,1.1541058132006059e-06,2.363608705434841,0.9999999984156117
450.0,1.218475796513094,2.0,4.707793522884926,0.07075741572403633,3.6250772158260727,4.146124598073458,1.5489211870780484,8.377622469484992,0.15870094129898038,1.1541058132006059e-06,2.363608705434841,1.0000000000655402
450.0,1.218475796513094,2.5,6.019974517683084,0.17753466158218023,4.635387396508599,5.4132416819871025,1.5489211870780484,10.47202808685624,0.15870094129898038,1.1541058132006059e-06,2.363608705434841,1.0000000006998064
450.0,1.218475796513094,3.0,7.509079187037601,0.27352669287901976,5.635240250067876,6.6815368190724636,1.5489211870780484,12.566433704227487,0.15870094129898038,1.1541058132006059e-06,2.363608705434841,0.9999999997346667
450.0,1.218475796513094,3.5,8.8166714775473,0.3432446672995732,6.2644594481756375,1.550721673652357,1.5489211870780484,14.660839321598736,0.15870094129898038,1.1541058132006059e-06,2.363608705434841,0.9999999996831063
450.0,1.218475796513094,4.0,10.356802590405616,0.4131657069700551,7.3670087694782085,7.966838167764829,1.5489211870780484,16.755244938969984,0.15870094129898038,1.1541058132006059e-06,2.363608705434841,1.0000000003937053
450.0,1.218475796513094,4.5,11.748068050039778,0.46790646215705073,8.25769693758692,9.23049450134984,1.5489211870780484,18.849650556341228,0.15870094129898038,1.1541058132006059e-06,2.363608705434841,1.0000000000388591
450.0,1.218475796513094,5.0,13.261209612741904,0.5205231484406099,9.294393686885838,10.496861798391864,1.5489211870780484,20.94405617371248,0.15870094129898038,1.1541058132006059e-06,2.363608705434841,1.000000000115978
450.0,1.218475796513094,5.5,14.779832270613305,0.5676095141543609,10.28605114217289,10.524803973578864,1.5489211870780484,23.038461791083726,0.15870094129898038,1.1541058132006059e-06,2.363608705434841,1.0000000000518936
450.0,1.218475796513094,6.0,16.207952163659673,0.6076681549083011,11.096182176480703,1.5507167158109036,1.5489211870780484,25.132867408454974,0.15870094129898038,1.1541058132006059e-06,2.363608705434841,0.9999999998510896
550.0,1.218475796513094,0.0,1.3757396103096422,-0.4635237496574008,0.7318206388735408,1.9221814732745501,1.8931258953176147,0.0,0.19396781714319825,1.4105737716896294e-06,2.888855084420361,1.00000000028744
550.0,1.218475796513094,0.5,1.5094824864151497,-0.4232319127879136,0.7584903374220578,1.9263168365250831,1.8931258953176147,2.094405617371248,0.19396781714319825,1.4105737716896294e-06,2.888855084420361,1.0000000015026373
550.0,1.218475796513094,1.0,1.9968111438656944,-0.3017229995947263,0.8778590629913834,1.9595948828034744,1.8931258953176147,4.188811234742496,0.19396781714319825,1.4105737716896294e-06,2.888855084420361,1.0000000003219698
550.0,1.218475796513094,1.5,3.532870657347252,-0.05393225364647879,1.46477408867388,1.836979264016792,1.8931258953176147,6.2832168521137435,0.19396781714319825,1.4105737716896294e-06,2.888855084420361,0.9999999998724254
550.0,1.218475796513094,2.0,4.545267748161297,0.05549947997568379,2.3492141103790103,3.564264689716279,1.8931258953176147,8.377622469484992,0.19396781714319825,1.4105737716896294e-06,2.888855084420361,1.000000000291247
550.0,1.218475796513094,2.5,5.951117298734508,0.17253851912689813,3.021993339762024,5.070730964926227,1.8931258953176147,10.47202808685624,0.19396781714319825,1.4105737716896294e-06,2.888855084420361,1.000000000519119
550.0,1.218475796513094,3.0,7.231858478606358,0.25718992744441843,3.7034561662930554,6.614414291312595,1.8931258953176147,12.566433704227487,0.19396781714319825,1.4105737716896294e-06,2.888855084420361,0.9999999996499572
550.0,1.218475796513094,3.5,8.610769564622084,0.3329819757741809,4.43425973607853,6.64396588251369,1.8931258953176147,14.660839321598736,0.19396781714319825,1.4105737716896294e-06,2.888855084420361,1.0000000010516923
550.0,1.218475796513094,4.0,10.039199530298248,0.3996390946450369,4.861596424155055,1.8896594982278827,1.8931258953176147,16.755244938969984,0.19396781714319825,1.4105737716896294e-06,2.888855084420361,0.9999999997762146
550.0,1.218475796513094,4.5,11.441748006346044,0.45643238728272784,5.432921345238521,1.8994093466708728,1.8931258953176147,18.849650556341228,0.19396781714319825,1.4105737716896294e-06,2.888855084420361,0.9999999995723837
550.0,1.218475796513094,5.0,12.94972155430904,0.5102004389636574,6.183346153493297,9.744771289467026,1.8931258953176147,20.94405617371248,0.19396781714319825,1.4105737716896294e-06,2.888855084420361,1.00000000030123
550.0,1.218475796513094,5.5,14.358749838937507,0.5550566378759509,6.756297494389298,11.281715501649806,1.8931258953176147,23.038461791083726,0.19396781714319825,1.4105737716896294e-06,2.888855084420361,1.0000000000388591
550.0,1.218475796513094,6.0,15.90794191246427,0.5995540051711518,7.431509199028841,12.82656479334056,1.8931258953176147,25.132867408454974,0.19396781714319825,1.4105737716896294e-06,2.888855084420361,0.9999999997238548
650.0,1.218475796513094,0.0,1.6258740849113948,-0.3909730825087892,0.6192328482776114,2.2716690138699223,2.237330603557181,0.0,0.22923469298741606,1.6670417301786526e-06,3.4141014634058804,1.00000000028744
650.0,1.218475796513094,0.5,1.737344863773391,-0.3621739566644797,0.6349739781352497,2.2749936659788497,2.237330603557181,2.094405617371248,0.22923469298741606,1.6670417301786526e-06,3.4141014634058804,1.0000000017947843
650.0,1.218475796513094,1.0,2.1076102506706134,-0.278269689167363,0.6967488181943577,2.293065472086626,2.237330603557181,4.188811234742496,0.22923469298741606,1.6670417301786526e-06,3.4141014634058804,1.000000004828874
650.0,1.218475796513094,1.5,3.3323917122911824,-0.07930394562571162,0.9085461260819294,4.13032599674234,2.237330603557181,6.2832168521137435,0.22923469298741606,1.6670417301786526e-06,3.4141014634058804,1.000000001347034
650.0,1.218475796513094,2.0,4.647092173979334,0.06512129536515134,1.5506663505265244,4.15036808748551,2.237330603557181,8.377622469484992,0.22923469298741606,1.6670417301786526e-06,3.4141014634058804,0.9999999994818985
650.0,1.218475796513094,2.5,5.65371822913336,0.15027416893061837,2.151688024157792,5.9745091221499464,2.237330603557181,10.47202808685624,0.22923469298741606,1.6670417301786526e-06,3.4141014634058804,0.9999999983530599
650.0,1.218475796513094,3.0,7.1927325092863095,0.2548339182845145,2.5911515853670437,5.99575584061083,2.237330603557181,12.566433704227487,0.22923469298741606,1.6670417301786526e-06,3.4141014634058804,1.0000000004969403
650.0,1.218475796513094,3.5,8.443089774273432,0.3244414157664457,3.0825667206184844,7.815709496548696,2.237330603557181,14.660839321598736,0.22923469298741606,1.6670417301786526e-06,3.4141014634058804,0.999999999869521
650.0,1.218475796513094,4.0,9.711300243437242,0.38521739004711114,3.629409455659038,7.838871479719184,2.237330603557181,16.755244938969984,0.22923469298741606,1.6670417301786526e-06,3.4141014634058804,0.9999999993681287
650.0,1.218475796513094,4.5,11.31501648256706,0.4515951995993478,3.9996091578454367,9.655744640694115,2.237330603557181,18.849650556341228,0.22923469298741606,1.6670417301786526e-06,3.4141014634058804,0.9999999999936563
650.0,1.218475796513094,5.0,12.578869867025672,0.49758163288446433,4.290132748218791,2.239036508667367,2.237330603557181,20.94405617371248,0.22923469298741606,1.6670417301786526e-06,3.4141014634058804,1.000000000596787
650.0,1.218475796513094,5.5,14.113773631060813,0.5475831562345458,4.7948520248749515,2.252575603534347,2.237330603557181,23.038461791083726,0.22923469298741606,1.6670417301786526e-06,3.4141014634058804,1.0000000002823475
650.0,1.218475796513094,6.0,15.527158536129106,0.5890319959533031,5.3178045141809696,11.524626510456928,2.237330603557181,25.132867408454974,0.22923469298741606,1.6670417301786526e-06,3.4141014634058804,1.0000000001123461
650.0,1.2593649193144931,0.0,1.5730851243027875,-0.4053077671060062,0.6400128162083174,2.197912351406415,2.1646888423066173,0.0,0.22179188958059604,1.6129161364171274e-06,3.303252247382277,1.00000000028744
650.0,1.2593649193144931,0.5,1.696820063426982,-0.3724242006331582,0.6587506912267727,2.2016492838260655,2.1646888423066173,2.1646888423066177,0.22179188958059604,1.6129161364171274e-06,3.303252247382277,1.0000000056851732
650.0,1.2593649193144931,1.0,2.1133009692236153,-0.2770986391100034,0.7353556013723732,2.2246097106269387,2.1646888423066173,4.3293776846132355,0.22179188958059604,1.6129161364171274e-06,3.303252247382277,1.00000000225397
650.0,1.2593649193144931,1.5,3.555839092914381,-0.05111789106591437,1.0373789719950834,3.9987274019595644,2.1646888423066173,6.494066526919853,0.22179188958059604,1.6129161364171274e-06,3.303252247382277,1.00000000065351
650.0,1.2593649193144931,2.0,4.772064616276433,0.07664632428691869,1.7641931251892349,4.027560939881129,2.1646888423066173,8.658755369226471,0.22179188958059604,1.6129161364171274e-06,3.303252247382277,1.0000000026264786
650.0,1.2593649193144931,2.5,5.874562116568581,0.1669155089868155,2.407975540659328,5.785393671787911,2.1646888423066173,10.823444211533086,0.22179188958059604,1.6129161364171274e-06,3.303252247382277,1.0000000001549096
650.0,1.2593649193144931,3.0,7.512123631771991,0.27370273544800144,2.855735160742357,5.821399541529668,2.1646888423066173,12.988133053839706,0.22179188958059604,1.6129161364171274e-06,3.303252247382277,1.0000000004032377
650.0,1.2593649193144931,3.5,8.719227546674366,0.3384180203160177,3.469872002530871,7.569912677937405,2.1646888423066173,15.152821896146323,0.22179188958059604,1.6129161364171274e-06,3.303252247382277,0.9999999994531913
650.0,1.2593649193144931,4.0,10.306827253630578,0.4110650058373083,3.989151303987663,9.336362609436797,2.1646888423066173,17.317510738452942,0.22179188958059604,1.6129161364171274e-06,3.303252247382277,0.9999999997603551
650.0,1.2593649193144931,4.5,11.673278131025969,0.4651328419493031,4.296715841639254,2.162793360951258,2.1646888423066173,19.482199580759556,0.22179188958059604,1.6129161364171274e-06,3.303252247382277,0.9999999992706962
650.0,1.2593649193144931,5.0,13.157792721831784,0.5171230492319331,4.77634359692411,2.1724500995451574,2.1646888423066173,21.646888423066173,0.22179188958059604,1.6129161364171274e-06,3.303252247382277,0.9999999998043795
650.0,1.2593649193144931,5.5,14.726268623440342,0.5660327268970492,5.373758094494319,11.140159532478783,2.1646888423066173,23.81157726537279,0.22179188958059604,1.6129161364171274e-06,3.303252247382277,1.0000000000504425
650.0,1.2593649193144931,6.0,16.137038687387516,0.6057638488645212,5.838322747285385,12.896876141355795,2.1646888423066173,25.97626610767941,0.22179188958059604,1.6129161364171274e-06,3.303252247382277,1.0000000006450185
650.0,1.322333165280218,0.0,1.498176308859798,-0.4264970661759442,0.6720134570187333,2.0932498584823005,2.0616084212443977,0.0,0.2112303710291391,1.5361106061115501e-06,3.1459545213164546,1.00000000028744
650.0,1.322333165280218,0.5,1.6427642411817482,-0.3864847505347501,0.6963191991463169,2.0977164571799354,2.0616084212443977,2.2729232844219487,0.2112303710291391,1.5361106061115501e-06,3.1459545213164546,1.0000000051665603
650.0,1.322333165280218,1.0,2.1651791425198423,-0.26656615650960774,0.8045979382011308,2.133245815923746,2.0616084212443977,4.545846568843897,0.2112303710291391,1.5361106061115501e-06,3.1459545213164546,1.0000000019995974
650.0,1.322333165280218,1.5,3.83454208345995,-0.0183464828866373,1.3348116627888373,2.0021086301399587,2.0616084212443977,6.818769853265845,0.2112303710291391,1.5361106061115501e-06,3.1459545213164546,0.9999999995456461
650.0,1.322333165280218,2.0,4.9353670937833485,0.09125946980640648,2.145979775904635,3.8784601111601766,2.0616084212443977,9.091693137687795,0.2112303710291391,1.5361106061115501e-06,3.1459545213164546,1.0000000007941885
650.0,1.322333165280218,2.5,6.447107630351066,0.20730492921312269,2.7670189095096513,5.521421221840409,2.0616084212443977,11.364616422109743,0.2112303710291391,1.5361106061115501e-06,3.1459545213164546,0.9999999993508084
650.0,1.322333165280218,3.0,7.849802565698623,0.29279874239742765,3.385774892183279,7.202739525885948,2.0616084212443977,13.63753970653169,0.2112303710291391,1.5361106061115501e-06,3.1459545213164546,1.0000000010232022
650.0,1.322333165280218,3.5,9.329516290161504,0.36779913602417,4.058755778685734,7.233732767305786,2.0616084212443977,15.910462990953638,0.2112303710291391,1.5361106061115501e-06,3.1459545213164546,0.9999999997923436
650.0,1.322333165280218,4.0,10.897803424513645,0.4352789784707234,4.4551530229574166,2.057352797215735,2.0616084212443977,18.18338627537559,0.2112303710291391,1.5361106061115501e-06,3.1459545213164546,0.9999999999382081
650.0,1.322333165280218,4.5,12.403176846342063,0.491472944651239,4.9680737973770865,2.0680470628525147,2.0616084212443977,20.45630955979754,0.2112303710291391,1.5361106061115501e-06,3.1459545213164546,1.0000000004372973
650.0,1.322333165280218,5.0,14.055614820714748,0.545789855940566,5.656629007893116,10.610583002503866,2.0616084212443977,22.729232844219485,0.2112303710291391,1.5361106061115501e-06,3.1459545213164546,0.9999999998545321
650.0,1.322333165280218,5.5,15.570002689772203,0.590228696266049,6.185666783614509,12.28496697698016,2.0616084212443977,25.002156128641435,0.2112303710291391,1.5361106061115501e-06,3.1459545213164546,1.0000000005785337
650.0,1.322333165280218,6.0,17.263745311115045,0.6350750289908754,6.793954460460837,13.96754802490555,2.0616084212443977,27.27507941306338,0.2112303710291391,1.5361106061115501e-06,3.1459545213164546,0.9999999996083004
450.0,1.3467753774655815,0.0,1.0183751776572332,-0.5941521862458663,0.9886284177277019,1.4228723841823752,1.4013643319738855,0.0,0.14358241106289807,1.0441607587497928e-06,2.1384412339195755,1.00000000028744
450.0,1.3467753774655815,0.5,1.2480405228130036,-0.505831304580623,1.0789991612141694,1.4317112772667375,1.4013643319738855,2.3149363524274853,0.14358241106289807,1.0441607587497928e-06,2.1384412339195755,0.9999999983201985
450.0,1.3467753774655815,1.0,2.6037209158038856,-0.18646555952009253,1.9588704507727754,1.361261598080185,1.4013643319738855,4.629872704854971,0.14358241106289807,1.0441607587497928e-06,2.1384412339195755,0.9999999978648961
450.0,1.3467753774655815,1.5,3.756132419392353,-0.02731909676539408,3.6832573681748157,3.7448237952865853,1.4013643319738855,6.944809057282457,0.14358241106289807,1.0441607587497928e-06,2.1384412339195755,0.9999999996800931
450.0,1.3467753774655815,2.0,5.330261196472574,0.1246884997637795,4.973907124901611,4.895941042242315,1.4013643319738855,9.259745409709941,0.14358241106289807,1.0441607587497928e-06,2.1384412339195755,1.0000000009815269
450.0,1.3467753774655815,2.5,6.940155571629304,0.23930921445007408,6.306676839094752,6.046305242845759,1.4013643319738855,11.574681762137427,0.14358241106289807,1.0441607587497928e-06,2.1384412339195755,1.0000000014890642
450.0,1.3467753774655815,3.0,8.418604434593584,0.32318011245336004,7.298969316106334,1.4056567732731298,1.4013643319738855,13.889618114564914,0.14358241106289807,1.0441607587497928e-06,2.1384412339195755,0.9999999995999158
450.0,1.3467753774655815,3.5,10.027783863421565,0.39914497337435756,8.733633704886355,8.34489573207506,1.4013643319738855,16.2045544669924,0.14358241106289807,1.0441607587497928e-06,2.1384412339195755,0.9999999987748259
450.0,1.3467753774655815,4.0,11.72185264351795,0.4669362661962867,9.980657430140473,9.494230397525326,1.4013643319738855,18.519490819419882,0.14358241106289807,1.0441607587497928e-06,2.1384412339195755,0.9999999998960388
450.0,1.3467753774655815,4.5,13.364386782202994,0.5238890448498715,11.36481166446759,9.521919538331952,1.4013643319738855,20.83442717184737,0.14358241106289807,1.0441607587497928e-06,2.1384412339195755,1.0000000002026086
450.0,1.3467753774655815,5.0,14.975161135474783,0.5733115128466444,12.529686110597156,1.4039962483900517,1.4013643319738855,23.149363524274854,0.14358241106289807,1.0441607587497928e-06,2.1384412339195755,1.0000000001652392
450.0,1.3467753774655815,5.5,16.67175029507611,0.6199212055960098,13.901740620913035,12.94353044079973,1.4013643319738855,25.46429987670234,0.14358241106289807,1.0441607587497928e-06,2.1384412339195755,1.0000000001876461
450.0,1.3467753774655815,6.0,18.40723845584442,0.6629286470756727,15.08049940608524,12.966013696729647,1.4013643319738855,27.77923622912983,0.14358241106289807,1.0441607587497928e-06,2.1384412339195755,0.9999999998552537
550.0,1.3467753774655815,0.0,1.244680772692174,-0.507002010526966,0.8088777963226653,1.7390662473340142,1.7127786279680821,0.0,0.17548961352131986,1.2761964829164133e-06,2.6136503970128144,1.00000000028744
550.0,1.3467753774655815,0.5,1.4287712914079211,-0.4470972760631546,0.8549549402850957,1.7452102492147288,1.7127786279680821,2.3149363524274853,0.17548961352131986,1.2761964829164133e-06,2.6136503970128144,0.9999999975382482
550.0,1.3467753774655815,1.0,2.401051096379871,-0.2216585890219966,1.1320502489855997,3.1609967283689073,1.7127786279680821,4.629872704854971,0.17548961352131986,1.2761964829164133e-06,2.6136503970128144,1.0000000013718044
550.0,1.3467753774655815,1.5,3.8214254121688422,-0.019834604025997803,2.276416600441307,3.1895022907615256,1.7127786279680821,6.944809057282457,0.17548961352131986,1.2761964829164133e-06,2.6136503970128144,0.9999999989570355
550.0,1.3467753774655815,2.0,5.202444607517069,0.11414747347540508,3.277057471835487,4.584682290537575,1.7127786279680821,9.259745409709941,0.17548961352131986,1.2761964829164133e-06,2.6136503970128144,1.0000000001777898
550.0,1.3467753774655815,2.5,6.654029752643336,0.221024747101435,4.189483333391757,5.985856420370995,1.7127786279680821,11.574681762137427,0.17548961352131986,1.2761964829164133e-06,2.6136503970128144,1.0000000004781477
550.0,1.3467753774655815,3.0,8.298771606171947,0.31695382103092,5.0944640143709945,7.3883273182767635,1.7127786279680821,13.889618114564914,0.17548961352131986,1.2761964829164133e-06,2.6136503970128144,0.9999999999487031
550.0,1.3467753774655815,3.5,9.744501460662475,0.38669963371400806,5.662580582264382,1.7147419537011364,1.7127786279680821,16.2045544669924,0.17548961352131986,1.2761964829164133e-06,2.6136503970128144,0.9999999997166684
550.0,1.3467753774655815,4.0,11.446909571593112,0.45662826066107265,6.658735798012789,8.809520442365724,1.7127786279680821,18.519490819419882,0.17548961352131986,1.2761964829164133e-06,2.6136503970128144,1.000000000237517
550.0,1.3467753774655815,4.5,12.98380503301341,0.5113419941006444,7.464821626184847,10.206885269712362,1.7127786279680821,20.83442717184737,0.17548961352131986,1.2761964829164133e-06,2.6136503970128144,0.9999999996907306
550.0,1.3467753774655815,5.0,14.657474700351994,0.5639991619121572,8.400625672085136,11.607234538675193,1.7127786279680821,23.149363524274854,0.17548961352131986,1.2761964829164133e-06,2.6136503970128144,1.0000000001116611
550.0,1.3467753774655815,5.5,16.334250511581438,0.6110392205687717,9.298482270928028,11.637901657961274,1.7127786279680821,25.46429987670234,0.17548961352131986,1.2761964829164133e-06,2.6136503970128144,1.0000000002026086
550.0,1.3467753774655815,6.0,17.913243356902182,0.6511142346372236,10.029588434072965,1.7147351718928592,1.7127786279680821,27.77923622912983,0.17548961352131986,1.2761964829164133e-06,2.6136503970128144,0.9999999998072393
650.0,1.3467753774655815,0.0,1.4709863677271147,-0.43445134337835434,0.6844350584268707,2.055260110485653,2.0241929239622785,0.0,0.20739681597974166,1.5082322070830339e-06,3.0888595601060533,1.00000000028744
650.0,1.3467753774655815,0.5,1.6243587063520617,-0.39137805079030347,0.7112588450340435,2.0600457497938023,2.0241929239622785,2.3149363524274853,0.20739681597974166,1.5082322070830339e-06,3.0888595601060533,0.9999999978708909
650.0,1.3467753774655815,1.0,2.226610948188159,-0.25441565117560627,0.8368651747262879,2.103626112984253,2.0241929239622785,4.629872704854971,0.20739681597974166,1.5082322070830339e-06,3.0888595601060533,0.9999999983746222
650.0,1.3467753774655815,1.5,3.895747081310569,-0.011469237360771972,1.4714709726749127,3.7464811008676695,2.0241929239622785,6.944809057282457,0.20739681597974166,1.5082322070830339e-06,3.0888595601060533,0.9999999987717775
650.0,1.3467753774655815,2.0,5.002124034058993,0.097094465086819,2.3057929194047504,5.404091690893805,2.0241929239622785,9.259745409709941,0.20739681597974166,1.5082322070830339e-06,3.0888595601060533,0.9999999999758027
650.0,1.3467753774655815,2.5,6.667782811374839,0.2219214538535572,2.910180754096884,5.428406372321265,2.0241929239622785,11.574681762137427,0.20739681597974166,1.5082322070830339e-06,3.0888595601060533,0.9999999993867665
650.0,1.3467753774655815,3.0,7.9870110585204666,0.3003242944130219,3.6164455173119316,7.075960129540868,2.0241929239622785,13.889618114564914,0.20739681597974166,1.5082322070830339e-06,3.0888595601060533,0.999999999766513
650.0,1.3467753774655815,3.5,9.646436188687641,0.38230690445582427,4.268346329645926,8.730460395210935,2.0241929239622785,16.2045544669924,0.20739681597974166,1.5082322070830339e-06,3.0888595601060533,1.0000000002452452
650.0,1.3467753774655815,4.0,11.101797533526344,0.4433333113945885,4.650096654730245,2.023939761045247,2.0241929239622785,18.519490819419882,0.20739681597974166,1.5082322070830339e-06,3.0888595601060533,1.0000000006165766
650.0,1.3467753774655815,4.5,12.762250637164566,0.5038672781284989,5.296598567699405,2.037809928480443,2.0241929239622785,20.83442717184737,0.20739681597974166,1.5082322070830339e-06,3.0888595601060533,1.0000000002512048
650.0,1.3467753774655815,5.0,14.313473312977267,0.5536850412875615,5.983616501778514,10.438392108691597,2.0241929239622785,23.149363524274854,0.20739681597974166,1.5082322070830339e-06,3.0888595601060533,1.0000000003710847
650.0,1.3467753774655815,5.5,15.990636653061099,0.6018057638133347,6.52124462780306,12.072127967987356,2.0241929239622785,25.46429987670234,0.20739681597974166,1.5082322070830339e-06,3.0888595601060533,0.9999999998627322
650.0,1.3467753774655815,6.0,17.584802304650868,0.6430774988409587,7.240779264919937,13.720725182291647,2.0241929239622785,27.77923622912983,0.20739681597974166,1.5082322070830339e-06,3.0888595601060533,0.9999999999658657
450.0,1.4885842809008711,0.0,0.9213604039005922,-0.6376304471154315,1.092726186493536,1.2873234769971222,1.2678643738053916,0.0,0.12990413666038847,9.446895402851873e-07,1.9347241785040636,1.00000000028744
450.0,1.4885842809008711,0.5,1.2442779633246601,-0.507142581669883,1.259509996815353,1.3035557778401994,1.2678643738053916,2.5586879023540954,0.12990413666038847,9.446895402851873e-07,1.9347241785040636,1.0000000027156064
450.0,1.4885842809008711,1.0,2.81738089311017,-0.1522144263466073,3.0538979500729604,2.3602741471266264,1.2678643738053916,5.117375804708191,0.12990413666038847,9.446895402851873e-07,1.9347241785040636,0.9999999993451236
450.0,1.4885842809008711,1.5,4.439799005530811,0.04530331825406603,4.925208956974982,3.4121772949874383,1.2678643738053916,7.676063707062287,0.12990413666038847,9.446895402851873e-07,1.9347241785040636,1.0000000001658254
450.0,1.4885842809008711,2.0,6.107476260287015,0.1838017962215007,6.858794908815082,5.468849982370115,1.2678643738053916,10.234751609416382,0.12990413666038847,9.446895402851873e-07,1.9347241785040636,0.9999999994969659
450.0,1.4885842809008711,2.5,7.798316131685381,0.28994084550805554,8.246556265583077,1.273247273589288,1.2678643738053916,12.793439511770478,0.12990413666038847,9.446895402851873e-07,1.9347241785040636,0.9999999993418787
450.0,1.4885842809008711,3.0,9.55699569687674,0.37826139913584184,10.04478705979475,7.554894849266386,1.2678643738053916,15.352127414124574,0.12990413666038847,9.446895402851873e-07,1.9347241785040636,1.0000000003026495
450.0,1.4885842809008711,3.5,11.351890818276926,0.4530082141263987,11.942283220291392,8.598823364725163,1.2678643738053916,17.91081531647867,0.12990413666038847,9.446895402851873e-07,1.9347241785040636,0.9999999995222489
450.0,1.4885842809008711,4.0,13.19603324418019,0.5183834096455125,13.480634455379413,1.269092314919884,1.2678643738053916,20.469503218832763,0.12990413666038847,9.446895402851873e-07,1.9347241785040636,0.9999999999870108
450.0,1.4885842809008711,4.5,15.076450546939528,0.576239116165838,15.359762586396876,11.710420763799382,1.2678643738053916,23.02819112118686,0.12990413666038847,9.446895402851873e-07,1.9347241785040636,0.9999999999415334
450.0,1.4885842809008711,5.0,16.954139782095396,0.6272157681434661,17.020938620644,12.753965220641957,1.2678643738053916,25.586879023540956,0.12990413666038847,9.446895402851873e-07,1.9347241785040636,0.9999999999855232
450.0,1.4885842809008711,5.5,18.845795852285104,0.6731544909701428,18.622754198905383,1.2673179256353837,1.2678643738053916,28.145566925895046,0.12990413666038847,9.446895402851873e-07,1.9347241785040636,0.9999999995446461
450.0,1.4885842809008711,6.0,20.742025634423747,0.7147911753294496,20.531221982310672,14.842068292781823,1.2678643738053916,30.704254828249148,0.12990413666038847,9.446895402851873e-07,1.9347241785040636,0.9999999998061565
550.0,1.4885842809008711,0.0,1.1261071603229458,-0.5504802713965313,0.8940486980401658,1.5733953607742606,1.5496120124288117,0.0,0.15877172258491923,1.1546205492374511e-06,2.3646628848383,1.00000000028744
550.0,1.4885842809008711,0.5,1.3798253464242114,-0.4622358729589669,0.9756849452663897,1.583156096000689,1.5496120124288117,2.5586879023540954,0.15877172258491923,1.1546205492374511e-06,2.3646628848383,0.9999999946874674
550.0,1.4885842809008711,1.0,2.8779261596386156,-0.1429803444907136,1.769715986406795,1.5054180232388406,1.5496120124288117,5.117375804708191,0.15877172258491923,1.1546205492374511e-06,2.3646628848383,1.000000002439821
550.0,1.4885842809008711,1.5,4.150899050589403,0.01608218018472159,3.329224784528827,4.140955037696382,1.5496120124288117,7.676063707062287,0.15877172258491923,1.1546205492374511e-06,2.3646628848383,0.9999999997868031
550.0,1.4885842809008711,2.0,5.891657000928796,0.16817746392681757,4.495505636375884,5.4138409793088496,1.5496120124288117,10.234751609416382,0.15877172258491923,1.1546205492374511e-06,2.3646628848383,0.9999999994886619
550.0,1.4885842809008711,2.5,7.670640859550137,0.2827716581672366,5.701652991876239,6.685894659577394,1.5496120124288117,12.793439511770478,0.15877172258491923,1.1546205492374511e-06,2.3646628848383,1.0000000001633105
550.0,1.4885842809008711,3.0,9.30369863662422,0.36659564304818504,6.5971460820677965,1.5543216593086642,1.5496120124288117,15.352127414124574,0.15877172258491923,1.1546205492374511e-06,2.3646628848383,1.0000000006364396
550.0,1.4885842809008711,3.5,11.083284532402148,0.4426084913489315,7.894871224862649,9.227639695029938,1.5496120124288117,17.91081531647867,0.15877172258491923,1.1546205492374511e-06,2.3646628848383,0.9999999994574189
550.0,1.4885842809008711,4.0,12.956079717387246,0.5104136201863797,9.020666147320664,10.498555303683737,1.5496120124288117,20.469503218832763,0.15877172258491923,1.1546205492374511e-06,2.3646628848383,1.0000000002302927
550.0,1.4885842809008711,4.5,14.769934854714867,0.567318588459258,10.273663147829089,10.528954024713832,1.5496120124288117,23.02819112118686,0.15877172258491923,1.1546205492374511e-06,2.3646628848383,0.9999999997345127
550.0,1.4885842809008711,5.0,16.55077328930902,0.6167582984716429,11.324897379473178,1.5524912528282124,1.5496120124288117,25.586879023540956,0.15877172258491923,1.1546205492374511e-06,2.3646628848383,0.9999999998406005
550.0,1.4885842809008711,5.5,18.426772890703866,0.6633892918847382,12.567078479779264,14.312736489088133,1.5496120124288117,28.145566925895046,0.15877172258491923,1.1546205492374511e-06,2.3646628848383,0.9999999999415334
550.0,1.4885842809008711,6.0,20.345543052670926,0.7064092949788553,13.630655224936985,14.337416727957674,1.5496120124288117,30.704254828249148,0.15877172258491923,1.1546205492374511e-06,2.3646628848383,1.0000000000039448
650.0,1.4885842809008711,0.0,1.3308539167452995,-0.47792960424791964,0.7565027444955251,1.8594672445513987,1.8313596510522316,0.0,0.18763930850945,1.364551558189715e-06,2.794601591172536,1.00000000028744
650.0,1.4885842809008711,0.5,1.541659360773032,-0.4140715670807739,0.8030043005214776,1.8666368540757117,1.8313596510522316,2.5586879023540954,0.18763930850945,1.364551558189715e-06,2.794601591172536,0.9999999968823984
650.0,1.4885842809008711,1.0,2.705976885868416,-0.16973590874214312,1.1027566152050843,3.3807230920342457,1.8313596510522316,5.117375804708191,0.18763930850945,1.364551558189715e-06,2.794601591172536,0.9999999980900226
650.0,1.4885842809008711,1.5,4.202281628218736,0.021425163234781032,2.2363486907371852,3.41964756227422,1.8313596510522316,7.676063707062287,0.18763930850945,1.364551558189715e-06,2.794601591172536,0.9999999984826947
650.0,1.4885842809008711,2.0,5.844886220518409,0.16471607005835456,3.1516512392277205,4.906940264354381,1.8313596510522316,10.234751609416382,0.18763930850945,1.364551558189715e-06,2.794601591172536,1.0000000011135064
650.0,1.4885842809008711,2.5,7.361055836771585,0.264880120726434,4.090749231453243,6.403999597098946,1.8313596510522316,12.793439511770478,0.18763930850945,1.364551558189715e-06,2.794601591172536,0.9999999995178217
650.0,1.4885842809008711,3.0,9.213681372225716,0.36237319806505774,4.871451830220718,7.90311173838265,1.8313596510522316,15.352127414124574,0.18763930850945,1.364551558189715e-06,2.794601591172536,1.000000000219925
650.0,1.4885842809008711,3.5,10.81869943630114,0.43211506412034867,5.496574082257185,1.8357940076602852,1.8313596510522316,17.91081531647867,0.18763930850945,1.364551558189715e-06,2.794601591172536,1.0000000005069813
650.0,1.4885842809008711,4.0,12.64973579763646,0.5000214636046784,6.462814913389548,9.431080224427157,1.8313596510522316,20.469503218832763,0.18763930850945,1.364551558189715e-06,2.794601591172536,1.0000000007214398
650.0,1.4885842809008711,4.5,14.459183859188313,0.5580837888052367,7.204490701299136,10.92194502540164,1.8313596510522316,23.02819112118686,0.18763930850945,1.364551558189715e-06,2.794601591172536,0.9999999997847312
650.0,1.4885842809008711,5.0,16.196337790386934,0.6073568344969441,8.16781088853127,12.417588901542919,1.8313596510522316,25.586879023540956,0.18763930850945,1.364551558189715e-06,2.794601591172536,0.9999999992884908
650.0,1.4885842809008711,5.5,18.13649039798837,0.6564932589676536,8.929033189957968,1.8272846029087182,1.8313596510522316,28.145566925895046,0.18763930850945,1.364551558189715e-06,2.794601591172536,0.999999999791057
650.0,1.4885842809008711,6.0,19.914662838205935,0.6971129667311581,9.763294864164818,1.836296441881527,1.8313596510522316,30.704254828249148,0.18763930850945,1.364551558189715e-06,2.794601591172536,0.999999999886194
450.0,1.645324972836306,0.0,0.8335876723043893,-0.6811087079849968,1.2077849445124724,1.164687538285619,1.1470821924664865,0.0,0.11752891316254982,8.546943754070817e-07,1.7504140808337032,1.00000000028744
450.0,1.645324972836306,0.5,1.394140324260292,-0.45775350236882534,1.5543397228365836,1.2123716574323766,1.1470821924664865,2.8281053061299146,0.11752891316254982,8.546943754070817e-07,1.7504140808337032,0.9999999996615725
450.0,1.645324972836306,1.0,3.053796828003353,-0.11721985166983379,4.474356533242641,3.065094664594408,1.1470821924664865,5.656210612259829,0.11752891316254982,8.546943754070817e-07,1.7504140808337032,0.9999999984508625
450.0,1.645324972836306,1.5,4.902440409372526,0.08835233206479684,6.984978286553856,4.01715847610131,1.1470821924664865,8.484315918389745,0.11752891316254982,8.546943754070817e-07,1.7504140808337032,0.9999999992892833
450.0,1.645324972836306,2.0,6.845343211497755,0.23333523632435255,8.863421744201865,1.150300988528695,1.1470821924664865,11.312421224519658,0.11752891316254982,8.546943754070817e-07,1.7504140808337032,1.000000000649878
450.0,1.645324972836306,2.5,8.836638552749564,0.3442270999723243,11.280240888130765,6.837608827283256,1.1470821924664865,14.140526530649572,0.11752891316254982,8.546943754070817e-07,1.7504140808337032,0.9999999994928613
450.0,1.645324972836306,3.0,10.870673513876174,0.43419646115745,13.824219235751125,7.791997138547734,1.1470821924664865,16.96863183677949,0.11752891316254982,8.546943754070817e-07,1.7504140808337032,1.0000000003843768
450.0,1.645324972836306,3.5,12.914634247688067,0.5090221198038987,16.130802128761975,3.9919890819586845,1.1470821924664865,19.796737142909404,0.11752891316254982,8.546943754070817e-07,1.7504140808337032,1.000000000079478
450.0,1.645324972836306,4.0,14.985015496539503,0.5735972050733619,18.316102669879434,10.611313109325495,1.1470821924664865,22.624842449039317,0.11752891316254982,8.546943754070817e-07,1.7504140808337032,1.000000000092118
450.0,1.645324972836306,4.5,17.042705814381883,0.6294785560842435,20.57543183653293,1.1465426861399937,1.1470821924664865,25.452947755169234,0.11752891316254982,8.546943754070817e-07,1.7504140808337032,1.0000000002255194
450.0,1.645324972836306,5.0,19.11521252553033,0.6793191395989908,23.103881497005343,13.43445748100835,1.1470821924664865,28.281053061299144,0.11752891316254982,8.546943754070817e-07,1.7504140808337032,1.000000000202531
450.0,1.645324972836306,5.5,21.196836870846987,0.7242110662031471,25.435241655212927,15.306216033371998,1.1470821924664865,31.10915836742906,0.11752891316254982,8.546943754070817e-07,1.7504140808337032,0.9999999998834477
450.0,1.645324972836306,6.0,23.291674940424986,0.7651407291186378,27.558820977211735,1.148620564131583,1.1470821924664865,33.93726367355898,0.11752891316254982,8.546943754070817e-07,1.7504140808337032,0.999999999902526
550.0,1.645324972836306,0.0,1.0188293772609203,-0.5939585322660966,0.9881876818738412,1.4235069912379787,1.4019893463479276,0.0,0.14364644942089422,1.0446264588308775e-06,2.139394987685637,1.00000000028744
550.0,1.645324972836306,0.5,1.3755476296727756,-0.46358435847362844,1.1388342181573825,1.4414232805320957,1.4019893463479276,2.8281053061299146,0.14364644942089422,1.0446264588308775e-06,2.139394987685637,0.999999998457125
550.0,1.645324972836306,1.0,3.114199613062976,-0.10871354492201234,2.759854336693229,2.609887961063187,1.4019893463479276,5.656210612259829,0.14364644942089422,1.0446264588308775e-06,2.139394987685637,1.0000000001187144
550.0,1.645324972836306,1.5,4.907327912371392,0.08878508759758995,4.451768748762886,3.772995980776176,1.4019893463479276,8.484315918389745,0.14364644942089422,1.0446264588308775e-06,2.139394987685637,0.9999999995902015
550.0,1.645324972836306,2.0,6.749723447570267,0.22722598777644687,6.200536645866803,6.047360193847019,1.4019893463479276,11.312421224519658,0.14364644942089422,1.0446264588308775e-06,2.139394987685637,1.0000000004802814
550.0,1.645324972836306,2.5,8.61839131126818,0.33336621767088515,7.453468390266056,1.4078900302001744,1.4019893463479276,14.140526530649572,0.14364644942089422,1.0446264588308775e-06,2.139394987685637,0.9999999996425107
550.0,1.645324972836306,3.0,10.56220040231016,0.42169441200552005,9.080361000545187,8.354046996917438,1.4019893463479276,16.96863183677949,0.14364644942089422,1.0446264588308775e-06,2.139394987685637,0.9999999996915309
550.0,1.645324972836306,3.5,12.546518104420658,0.4964632262942858,10.794546931648897,9.50837943308753,1.4019893463479276,19.796737142909404,0.14364644942089422,1.0446264588308775e-06,2.139394987685637,0.9999999992196907
550.0,1.645324972836306,4.0,14.58525218480722,0.5618539513189112,12.18505348788997,1.4033232836776544,1.4019893463479276,22.624842449039317,0.14364644942089422,1.0446264588308775e-06,2.139394987685637,0.9999999998970576
550.0,1.645324972836306,4.5,16.663539322023876,0.6197072593306125,13.885110579263023,12.949183804250072,1.4019893463479276,25.452947755169234,0.14364644942089422,1.0446264588308775e-06,2.139394987685637,0.9999999994611585
550.0,1.645324972836306,5.0,18.738836760394094,0.6706826366207129,15.384723878490256,14.103099995182959,1.4019893463479276,28.281053061299144,0.14364644942089422,1.0446264588308775e-06,2.139394987685637,0.9999999994872051
550.0,1.645324972836306,5.5,20.829973773133414,0.7166287318031437,16.834444229890583,1.401329949726659,1.4019893463479276,31.10915836742906,0.14364644942089422,1.0446264588308775e-06,2.139394987685637,1.0000000002255194
550.0,1.645324972836306,6.0,22.925696571033296,0.7582625487549971,18.55814136816741,16.412021728027636,1.4019893463479276,33.93726367355898,0.14364644942089422,1.0446264588308775e-06,2.139394987685637,1.0000000002424194
650.0,1.645324972836306,0.0,1.2040710822174512,-0.5214078651174849,0.8361588077394041,1.6823264441903385,1.656896500229369,0.0,0.16976398567923862,1.2345585422546733e-06,2.5283758945375707,1.00000000028744
650.0,1.645324972836306,0.5,1.4954606307691982,-0.4272850069694849,0.9189964704716708,1.6939041647171247,1.656896500229369,2.8281053061299146,0.16976398567923862,1.2345585422546733e-06,2.5283758945375707,1.0000000059052083
650.0,1.645324972836306,1.0,3.174358054160526,-0.10040407956575406,1.778708752643457,3.066370519998234,1.656896500229369,5.656210612259829,0.16976398567923862,1.2345585422546733e-06,2.5283758945375707,1.0000000019886195
650.0,1.645324972836306,1.5,4.648198699229468,0.06522469348771573,3.2255514458525005,4.429979938697226,1.656896500229369,8.484315918389745,0.16976398567923862,1.2345585422546733e-06,2.5283758945375707,0.9999999987884403
650.0,1.645324972836306,2.0,6.503993183051218,0.21112008606666086,4.389282391415702,5.791511225611157,1.656896500229369,11.312421224519658,0.16976398567923862,1.2345585422546733e-06,2.5283758945375707,1.000000001285665
650.0,1.645324972836306,2.5,8.490534806125641,0.32687505533932826,5.441473946760427,7.152154863818343,1.656896500229369,14.140526530649572,0.16976398567923862,1.2345585422546733e-06,2.5283758945375707,0.9999999997865305
650.0,1.645324972836306,3.0,10.382133734343515,0.41422662748508166,6.4277114363774706,1.6666380687986884,1.656896500229369,16.96863183677949,0.16976398567923862,1.2345585422546733e-06,2.5283758945375707,0.9999999998832301
650.0,1.645324972836306,3.5,12.285994987276293,0.48735034246213516,7.59965440339286,9.870850874171905,1.656896500229369,19.796737142909404,0.16976398567923862,1.2345585422546733e-06,2.5283758945375707,0.9999999994768497
650.0,1.645324972836306,4.0,14.324184129748414,0.5540099036717553,8.792954557059977,11.230178698154484,1.656896500229369,22.624842449039317,0.16976398567923862,1.2345585422546733e-06,2.5283758945375707,1.0000000000183205
650.0,1.645324972836306,4.5,16.400843904645786,0.6128062038966596,9.865783533667665,1.6531043422135765,1.656896500229369,25.452947755169234,0.16976398567923862,1.2345585422546733e-06,2.5283758945375707,1.00000000005724
650.0,1.645324972836306,5.0,18.42760365804296,0.6634088715224887,11.028520465234891,1.6651746950090986,1.656896500229369,28.281053061299144,0.16976398567923862,1.2345585422546733e-06,2.5283758945375707,1.0000000003888936
650.0,1.645324972836306,5.5,20.419444292820295,0.7079839274295077,12.073236025997996,15.310034249784511,1.656896500229369,31.10915836742906,0.16976398567923862,1.2345585422546733e-06,2.5283758945375707,0.9999999997091374
650.0,1.645324972836306,6.0,22.505997011842876,0.7502382655444367,13.242134487032624,16.671007148176663,1.656896500229369,33.93726367355898,0.16976398567923862,1.2345585422546733e-06,2.5283758945375707,1.0000000000935696
450.0,1.8185696980492723,0.0,0.754176546415621,-0.724586968854562,1.3349588306947975,1.053734423458237,1.0378062381581576,0.0,0.10633260636866368,7.73272534733447e-07,1.5836621511340994,1.00000000028744
450.0,1.8185696980492723,0.5,1.71462372912738,-0.36789116158044566,2.180210047943326,1.9171729880448667,1.0378062381581576,3.125891053458114,0.10633260636866368,7.73272534733447e-07,1.5836621511340994,0.9999999984733414
450.0,1.8185696980492723,1.0,3.6162522483729127,-0.043801274653078766,5.983077850208787,2.7918228090748287,1.0378062381581576,6.251782106916228,0.10633260636866368,7.73272534733447e-07,1.5836621511340994,0.9999999991649352
450.0,1.8185696980492723,1.5,5.619595016101085,0.1476450273354037,8.987023112673546,1.0371007956976008,1.0378062381581576,9.377673160374343,0.10633260636866368,7.73272534733447e-07,1.5836621511340994,0.999999999853831
450.0,1.8185696980492723,2.0,7.774642482472626,0.2886204357652188,12.219123567484726,6.18349562399333,1.0378062381581576,12.503564213832457,0.10633260636866368,7.73272534733447e-07,1.5836621511340994,1.0000000001884537
450.0,1.8185696980492723,2.5,10.051277162199272,0.4001612574190942,15.511030406517213,7.057841652349353,1.0378062381581576,15.62945526729057,0.10633260636866368,7.73272534733447e-07,1.5836621511340994,0.9999999999020948
450.0,1.8185696980492723,3.0,12.277427892998004,0.4870474008126749,18.684504572043917,8.75051170222124,1.0378062381581576,18.755346320748686,0.10633260636866368,7.73272534733447e-07,1.5836621511340994,0.9999999998815136
450.0,1.8185696980492723,3.5,14.550033981531856,0.5608040162877463,21.77712750171959,10.44812474786239,1.0378062381581576,21.8812373742068,0.10633260636866368,7.73272534733447e-07,1.5836621511340994,1.0000000002397242
450.0,1.8185696980492723,4.0,16.890308476716346,0.6255775900673397,24.9465500100055,12.14764448566199,1.0378062381581576,25.007128427664913,0.10633260636866368,7.73272534733447e-07,1.5836621511340994,1.0000000001712095
450.0,1.8185696980492723,4.5,19.168522993267935,0.6805286588173862,28.100483802870407,13.847983572250868,1.0378062381581576,28.13301948112303,0.10633260636866368,7.73272534733447e-07,1.5836621511340994,0.9999999999925101
450.0,1.8185696980492723,5.0,21.507858999135788,0.7305371893459124,31.100764819812916,1.0403495218892322,1.0378062381581576,31.25891053458114,0.10633260636866368,7.73272534733447e-07,1.5836621511340994,1.0000000000051936
450.0,1.8185696980492723,5.5,23.83626539847988,0.775178220986695,34.29462761950313,16.411786694545263,1.0378062381581576,34.38480158803926,0.10633260636866368,7.73272534733447e-07,1.5836621511340994,1.0000000000223042
450.0,1.8185696980492723,6.0,26.129672815227977,0.8150739803805851,37.33965816608825,1.0391727058378315,1.0378062381581576,37.51069264149737,0.10633260636866368,7.73272534733447e-07,1.5836621511340994,1.0000000000106426
550.0,1.8185696980492723,0.0,0.9217713345079812,-0.6374367931356618,1.0922390432957434,1.2878976286711785,1.2684298466377482,0.0,0.12996207445058894,9.451108757853241e-07,1.9355870736083436,1.00000000028744
550.0,1.8185696980492723,0.5,1.5406797309045646,-0.41434762227642485,1.4051599095835692,1.3404112410626683,1.2684298466377482,3.125891053458114,0.12996207445058894,9.451108757853241e-07,1.9355870736083436,1.0000000001159182
550.0,1.8185696980492723,1.0,3.375311920500693,-0.07374607813344757,4.044253192039926,3.3893241320084857,1.2684298466377482,6.251782106916228,0.12996207445058894,9.451108757853241e-07,1.9355870736083436,1.0000000007784393
550.0,1.8185696980492723,1.5,5.418399906901652,0.1318110638083428,6.313669465267806,4.4420587166869065,1.2684298466377482,9.377673160374343,0.12996207445058894,9.451108757853241e-07,1.9355870736083436,1.0000000002530112
550.0,1.8185696980492723,2.0,7.565015828578794,0.2767498497235412,8.011209162695597,1.2719616342144828,1.2684298466377482,12.503564213832457,0.12996207445058894,9.451108757853241e-07,1.9355870736083436,1.0000000008597232
550.0,1.8185696980492723,2.5,9.766210341630455,0.3876660824216657,10.19688566910877,7.5608726013521155,1.2684298466377482,15.62945526729057,0.12996207445058894,9.451108757853241e-07,1.9355870736083436,0.9999999997680802
550.0,1.8185696980492723,3.0,12.013900671192106,0.4776240456281809,12.496811771877777,8.616100537892633,1.2684298466377482,18.755346320748686,0.12996207445058894,9.451108757853241e-07,1.9355870736083436,1.0000000006839005
550.0,1.8185696980492723,3.5,14.273840318407192,0.552480842663459,14.580374925054164,4.414218114214472,1.2684298466377482,21.8812373742068,0.12996207445058894,9.451108757853241e-07,1.9355870736083436,1.0000000002411156
550.0,1.8185696980492723,4.0,16.561833913279763,0.6170484337730504,16.555493102310002,11.733681130250107,1.2684298466377482,25.007128427664913,0.12996207445058894,9.451108757853241e-07,1.9355870736083436,1.0000000000372484
550.0,1.8185696980492723,4.5,18.837044926277052,0.6729527822418921,18.599632447961305,1.2677816163489048,1.2684298466377482,28.13301948112303,0.12996207445058894,9.451108757853241e-07,1.9355870736083436,1.0000000001595488
550.0,1.8185696980492723,5.0,21.128116669013274,0.722800795042468,20.884874561352742,14.855457053523432,1.2684298466377482,31.25891053458114,0.12996207445058894,9.451108757853241e-07,1.9355870736083436,0.9999999998412845
550.0,1.8185696980492723,5.5,23.428194769549698,0.7676788345362864,22.991304929621244,16.925313254973283,1.2684298466377482,34.38480158803926,0.12996207445058894,9.451108757853241e-07,1.9355870736083436,0.9999999999925101
550.0,1.8185696980492723,6.0,25.742367404896633,0.8085884931053814,24.909437994239124,1.2701062663166613,1.2684298466377482,37.51069264149737,0.12996207445058894,9.451108757853241e-07,1.9355870736083436,1.000000000102628
650.0,1.8185696980492723,0.0,1.0893661226003415,-0.5648861259870501,0.9242022674040906,1.5220608338841202,1.4990534551173387,0.0,0.1535915425325142,1.116949216837201e-06,2.287511996082588,1.00000000028744
650.0,1.8185696980492723,0.5,1.500670291086369,-0.42577470647358834,1.0784396348180896,1.544188560687372,1.4990534551173387,3.125891053458114,0.1535915425325142,1.116949216837201e-06,2.287511996082588,1.0000000004833343
650.0,1.8185696980492723,1.0,3.425513403907858,-0.0673343200909139,2.7122382994754646,2.797786517606896,1.4990534551173387,6.251782106916228,0.1535915425325142,1.116949216837201e-06,2.287511996082588,1.00000000084289
650.0,1.8185696980492723,1.5,5.416048894268667,0.1316225850314057,4.3341123562098485,4.050227788847328,1.4990534551173387,9.377673160374343,0.1535915425325142,1.116949216837201e-06,2.287511996082588,1.0000000003024014
650.0,1.8185696980492723,2.0,7.50217229170569,0.27312704242407143,5.9329250242420715,6.4686197585167005,1.4990534551173387,12.503564213832457,0.1535915425325142,1.116949216837201e-06,2.287511996082588,1.0000000001142126
650.0,1.8185696980492723,2.5,9.603530478441327,0.38037092769482067,7.2735651189054344,1.5151259663827095,1.4990534551173387,15.62945526729057,0.1535915425325142,1.116949216837201e-06,2.287511996082588,1.0000000003527216
650.0,1.8185696980492723,3.0,11.76069407060096,0.4683729615462753,8.755439408173464,8.93887879004578,1.4990534551173387,18.755346320748686,0.1535915425325142,1.116949216837201e-06,2.287511996082588,0.9999999999311874
650.0,1.8185696980492723,3.5,13.972218530967911,0.5432053782264884,10.448775694244683,11.383962668647943,1.4990534551173387,21.8812373742068,0.1535915425325142,1.116949216837201e-06,2.287511996082588,0.99999999995532
650.0,1.8185696980492723,4.0,16.20335140001475,0.6075448592640499,11.854427139461889,1.5026134131768505,1.4990534551173387,25.007128427664913,0.1535915425325142,1.116949216837201e-06,2.287511996082588,0.9999999997861545
650.0,1.8185696980492723,4.5,18.464466116268635,0.6642767635991634,13.339513611871348,13.851441692778428,1.4990534551173387,28.13301948112303,0.1535915425325142,1.116949216837201e-06,2.287511996082588,0.9999999996434638
650.0,1.8185696980492723,5.0,20.75123234838325,0.7149839018266723,14.914382675493247,15.087843923940941,1.4990534551173387,31.25891053458114,0.1535915425325142,1.116949216837201e-06,2.287511996082588,0.9999999995995226
650.0,1.8185696980492723,5.5,23.05228277693668,0.7606539470024031,16.300916384030128,1.5009728559222324,1.4990534551173387,34.38480158803926,0.1535915425325142,1.116949216837201e-06,2.287511996082588,1.0000000000100966
650.0,1.8185696980492723,6.0,25.367793678380394,0.8022227054967591,17.916658765326762,18.765378220542846,1.4990534551173387,37.51069264149737,0.1535915425325142,1.116949216837201e-06,2.287511996082588,0.9999999999172958
450.0,2.0100562510528768,0.0,0.6823304639223351,-0.7680652297241272,1.4755235091702348,0.9533511767587645,0.9389403784955489,0.0,0.09620290763274066,6.99607286743045e-07,1.4327957232497561,1.00000000028744
450.0,2.0100562510528768,0.5,1.9194615668670432,-0.3188805706102345,3.598540286101198,1.7408098448095848,0.9389403784955489,3.4550321930765544,0.09620290763274066,6.99607286743045e-07,1.4327957232497561,1.0000000010963643
450.0,2.0100562510528768,1.0,3.9908124438352295,-0.0009986735969176866,8.4866162674175,3.2876818253633795,0.9389403784955489,6.910064386153109,0.09620290763274066,6.99607286743045e-07,1.4327957232497561,1.0000000006126617
450.0,2.0100562510528768,1.5,6.409363168051714,0.20475488899574412,12.437593711449669,4.8327306908436185,0.9389403784955489,10.365096579229663,0.09620290763274066,6.99607286743045e-07,1.4327957232497561,1.0000000002448524
450.0,2.0100562510528768,2.0,8.842070997072412,0.34449400640689964,16.812753368693446,6.376549387268663,0.9389403784955489,13.820128772306218,0.09620290763274066,6.99607286743045e-07,1.4327957232497561,0.9999999998561782
450.0,2.0100562510528768,2.5,11.318373791160537,0.4517240411550541,20.960364134840685,8.673609793818786,0.9389403784955489,17.275160965382774,0.09620290763274066,6.99607286743045e-07,1.4327957232497561,0.9999999998688986
450.0,2.0100562510528768,3.0,13.878976312586282,0.5402974432209652,25.026064924937298,0.9380053882696281,0.9389403784955489,20.730193158459326,0.09620290763274066,6.99607286743045e-07,1.4327957232497561,0.9999999995726855
450.0,2.0100562510528768,3.5,16.41986493784855,0.61330958916628,29.36145607017705,11.758796978576548,0.9389403784955489,24.185225351535884,0.09620290763274066,6.99607286743045e-07,1.4327957232497561,1.0000000000624114
450.0,2.0100562510528768,4.0,18.963509142859387,0.6758587140562214,33.47477256940901,0.9399955066590789,0.9389403784955489,27.640257544612435,0.09620290763274066,6.99607286743045e-07,1.4327957232497561,0.9999999999636598
450.0,2.0100562510528768,4.5,21.555952707221337,0.7315072307747534,37.8860245263947,14.8481323913496,0.9389403784955489,31.09528973768899,0.09620290763274066,6.99607286743045e-07,1.4327957232497561,0.999999999954368
450.0,2.0100562510528768,5.0,24.124368627858512,0.7803959646764612,42.114035444890746,0.9414348682629903,0.9389403784955489,34.55032193076555,0.09620290763274066,6.99607286743045e-07,1.4327957232497561,0.9999999999875171
450.0,2.0100562510528768,5.5,26.65525874309237,0.8237229112580946,46.37235943450387,18.69024470967167,0.9389403784955489,38.0053541238421,0.09620290763274066,6.99607286743045e-07,1.4327957232497561,0.9999999998067388
450.0,2.0100562510528768,6.0,29.198646874069482,0.8633027344786302,50.61057750135961,20.231235820841945,0.9389403784955489,41.46038631691865,0.09620290763274066,6.99607286743045e-07,1.4327957232497561,1.000000000014295
550.0,2.0100562510528768,0.0,0.8339594559050761,-0.680915054005227,1.2072465075029193,1.1652069938162675,1.147593795939004,0.0,0.11758133155112745,8.550755726859439e-07,1.751194772860813,1.00000000028744
550.0,2.0100562510528768,0.5,1.8947965513027631,-0.32449740572567576,1.9699690826011838,2.119976846606965,1.147593795939004,3.4550321930765544,0.11758133155112745,8.550755726859439e-07,1.751194772860813,0.9999999992376442
550.0,2.0100562510528768,1.0,3.9970202283875307,-0.00032364515571032794,5.407997308112941,3.0870501144433606,1.147593795939004,6.910064386153109,0.11758133155112745,8.550755726859439e-07,1.751194772860813,1.0000000017697628
550.0,2.0100562510528768,1.5,6.2112252168211155,0.19111728556681315,8.124717666074815,1.1467890974643817,1.147593795939004,10.365096579229663,0.11758133155112745,8.550755726859439e-07,1.751194772860813,0.9999999997229736
550.0,2.0100562510528768,2.0,8.592390360600227,0.3320540078938569,11.045964574626753,6.837585158186202,1.147593795939004,13.820128772306218,0.11758133155112745,8.550755726859439e-07,1.751194772860813,1.00000000084091
550.0,2.0100562510528768,2.5,11.109034067289635,0.4436163072633783,14.022041088515717,7.80420064352048,1.147593795939004,17.275160965382774,0.11758133155112745,8.550755726859439e-07,1.751194772860813,0.9999999995926031
550.0,2.0100562510528768,3.0,13.570044471790807,0.5305212796052972,16.89038548855127,9.67604478130539,1.147593795939004,20.730193158459326,0.11758133155112745,8.550755726859439e-07,1.751194772860813,0.9999999997720225
550.0,2.0100562510528768,3.5,16.08032852894327,0.6042349260228845,19.68547638321689,11.553280046429057,1.147593795939004,24.185225351535884,0.11758133155112745,8.550755726859439e-07,1.751194772860813,0.9999999997553364
550.0,2.0100562510528768,4.0,18.668467012500635,0.6690486653813573,22.549033332063647,13.432601867927463,1.147593795939004,27.640257544612435,0.11758133155112745,8.550755726859439e-07,1.751194772860813,0.9999999999887741
550.0,2.0100562510528768,4.5,21.186375983559174,0.7239966838847152,25.400429297041082,15.312830158270291,1.147593795939004,31.09528973768899,0.11758133155112745,8.550755726859439e-07,1.751194772860813,0.9999999999900451
550.0,2.0100562510528768,5.0,23.771093377481268,0.7739891667101048,28.111007215343005,1.1503524357516575,1.147593795939004,34.55032193076555,0.11758133155112745,8.550755726859439e-07,1.751194772860813,0.9999999999024224
550.0,2.0100562510528768,5.5,26.346164419937182,0.8186574064936535,30.997656430686572,18.147717367205065,1.147593795939004,38.0053541238421,0.11758133155112745,8.550755726859439e-07,1.751194772860813,0.999999999954368
550.0,2.0100562510528768,6.0,28.880586802790823,0.8585460217602554,33.750630357891865,1.149080765485032,1.147593795939004,41.46038631691865,0.11758133155112745,8.550755726859439e-07,1.751194772860813,1.0000000001070735
650.0,2.0100562510528768,0.0,0.9855884478878172,-0.6083643868566153,1.0215162755793934,1.3770628108737706,1.3562472133824592,0.0,0.13895975546951425,1.0105438586288427e-06,2.06959382247187,1.00000000028744
650.0,2.0100562510528768,0.5,1.7335382784767785,-0.3631265555185873,1.3498450694163115,1.4564684097012484,1.3562472133824592,3.4550321930765544,0.13895975546951425,1.0105438586288427e-06,2.06959382247187,1.0000000000830715
650.0,2.0100562510528768,1.0,3.7783299753152146,-0.024760107567281968,3.920484107073131,3.6258315011224074,1.3562472133824592,6.910064386153109,0.13895975546951425,1.0105438586288427e-06,2.06959382247187,1.0000000003005063
650.0,2.0100562510528768,1.5,6.054129900212412,0.1799917438159171,6.112172987192583,4.756203549237017,1.3562472133824592,10.365096579229663,0.13895975546951425,1.0105438586288427e-06,2.06959382247187,1.0000000005981757
650.0,2.0100562510528768,2.0,8.445481436160845,0.3245644203183741,7.803988656420241,1.3633208556749763,1.3562472133824592,13.820128772306218,0.13895975546951425,1.0105438586288427e-06,2.06959382247187,1.000000000243477
650.0,2.0100562510528768,2.5,10.882955513568557,0.4346868625753633,9.866438276455307,8.091757100042482,1.3562472133824592,17.275160965382774,0.13895975546951425,1.0105438586288427e-06,2.06959382247187,0.9999999998664983
650.0,2.0100562510528768,3.0,13.352123017834808,0.5234903336704235,12.006018380094485,9.237406666455374,1.3562472133824592,20.730193158459326,0.13895975546951425,1.0105438586288427e-06,2.06959382247187,1.0000000001155032
650.0,2.0100562510528768,3.5,15.826938463778225,0.5973369224682178,14.120713750497108,11.430343933347107,1.3562472133824592,24.185225351535884,0.13895975546951425,1.0105438586288427e-06,2.06959382247187,1.0000000006303047
650.0,2.0100562510528768,4.0,18.325724506149072,0.6610011621245075,16.087939921321123,13.644932658514007,1.3562472133824592,27.640257544612435,0.13895975546951425,1.0105438586288427e-06,2.06959382247187,0.9999999999547231
650.0,2.0100562510528768,4.5,20.84585978508767,0.7169598209296847,18.007901480308632,1.3579592443694832,1.3562472133824592,31.09528973768899,0.13895975546951425,1.0105438586288427e-06,2.06959382247187,1.0000000004435057
650.0,2.0100562510528768,5.0,23.416082702531078,0.767454251971597,20.11829513556393,16.981785796720605,1.3562472133824592,34.55032193076555,0.13895975546951425,1.0105438586288427e-06,2.06959382247187,1.000000000071335
650.0,2.0100562510528768,5.5,26.0028065472329,0.812960233650408,22.178372823927308,18.109927594700824,1.3562472133824592,38.0053541238421,0.13895975546951425,1.0105438586288427e-06,2.06959382247187,0.9999999998134276
650.0,2.0100562510528768,6.0,28.584812092516696,0.854075350317612,24.195392361009535,20.322180306278725,1.3562472133824592,41.46038631691865,0.13895975546951425,1.0105438586288427e-06,2.06959382247187,1.000000000012833
450.0,2.2217054076787313,0.0,0.6173287464443293,-0.8115434905936925,1.6308889653030774,0.8625308673550631,0.8494929033515893,0.0,0.08703820731061365,6.32959705251503e-07,1.2963014763550782,1.00000000028744
450.0,2.2217054076787313,0.5,2.066948767153567,-0.28673027929586026,5.3587391675332725,1.6062777279159484,0.8494929033515893,3.818830295441498,0.08703820731061365,6.32959705251503e-07,1.2963014763550782,1.0000000012254886
450.0,2.2217054076787313,1.0,4.576153926647904,0.05844063292935947,10.941396639640223,0.8487053065357194,0.8494929033515893,7.637660590882996,0.08703820731061365,6.32959705251503e-07,1.2963014763550782,1.000000000218649
450.0,2.2217054076787313,1.5,7.253705526266903,0.2584999295176095,16.892349981545586,5.756713136117804,0.8494929033515893,11.456490886324493,0.08703820731061365,6.32959705251503e-07,1.2963014763550782,1.000000000186716
450.0,2.2217054076787313,2.0,9.998262397748135,0.39786453900806207,22.722981473857015,7.16138091453863,0.8494929033515893,15.275321181765992,0.08703820731061365,6.32959705251503e-07,1.2963014763550782,0.9999999997636462
450.0,2.2217054076787313,2.5,12.78867707056032,0.5047656297205604,28.128911046270442,0.8498306814228631,0.8494929033515893,19.094151477207493,0.08703820731061365,6.32959705251503e-07,1.2963014763550782,0.9999999998690675
450.0,2.2217054076787313,3.0,15.607219989298429,0.5912655606243351,34.14910850747732,11.334368216469441,0.8494929033515893,22.912981772648987,0.08703820731061365,6.32959705251503e-07,1.2963014763550782,0.9999999998986963
450.0,2.2217054076787313,3.5,18.438777485122692,0.663672132056373,39.7463954676274,13.42122587808356,0.8494929033515893,26.731812068090488,0.08703820731061365,6.32959705251503e-07,1.2963014763550782,1.0000000002949205
450.0,2.2217054076787313,4.0,21.279423294272764,0.7258998623933132,45.366193593540764,0.8504108862107712,0.8494929033515893,30.550642363531985,0.08703820731061365,6.32959705251503e-07,1.2963014763550782,0.9999999999330095
450.0,2.2217054076787313,4.5,24.104031400126573,0.7800296930896126,51.231756368141454,16.909610385417174,0.8494929033515893,34.36947265897348,0.08703820731061365,6.32959705251503e-07,1.2963014763550782,0.9999999998482118
450.0,2.2217054076787313,5.0,26.901461178574465,0.8277158784349546,56.86781122791338,19.00271546202203,0.8494929033515893,38.188302954414986,0.08703820731061365,6.32959705251503e-07,1.2963014763550782,0.9999999996472608
450.0,2.2217054076787313,5.5,29.65922769787673,0.8700998468371818,62.51070969562664,0.8508390364280897,0.8494929033515893,42.00713324985648,0.08703820731061365,6.32959705251503e-07,1.2963014763550782,0.9999999998252628
450.0,2.2217054076787313,6.0,32.352343957120254,0.9078457598519007,68.35741716908396,22.495390440419488,0.8494929033515893,45.825963545297974,0.08703820731061365,6.32959705251503e-07,1.2963014763550782,0.9999999999838252
550.0,2.2217054076787313,0.0,0.7545129123208469,-0.7243933148747923,1.334363698884336,1.054204393433966,1.038269104096387,0.0,0.10638003115741668,7.736174175296147e-07,1.584368471100651,1.00000000028744
550.0,2.2217054076787313,0.5,2.121736996474665,-0.27536844213903533,3.252040962040705,1.9249410316686322,1.038269104096387,3.818830295441498,0.10638003115741668,7.736174175296147e-07,1.584368471100651,0.9999999987792876
550.0,2.2217054076787313,1.0,4.410834098505893,0.04246073195522904,7.670953743059488,3.6354269554817904,1.038269104096387,7.637660590882996,0.10638003115741668,7.736174175296147e-07,1.584368471100651,0.9999999991037323
550.0,2.2217054076787313,1.5,7.084373419845846,0.24824145361021588,11.242232222653966,5.34388274551141,1.038269104096387,11.456490886324493,0.10638003115741668,7.736174175296147e-07,1.584368471100651,0.9999999998330902
550.0,2.2217054076787313,2.0,9.772083101389239,0.387927160211395,15.19809869482903,7.050966304471501,1.038269104096387,15.275321181765992,0.10638003115741668,7.736174175296147e-07,1.584368471100651,0.9999999999230029
550.0,2.2217054076787313,2.5,12.509783649768465,0.49518980753218805,18.94839020703648,9.591123831330243,1.038269104096387,19.094151477207493,0.10638003115741668,7.736174175296147e-07,1.584368471100651,1.0000000001240983
550.0,2.2217054076787313,3.0,15.340213097004986,0.583771401284385,22.623170266056732,1.0371772942313677,1.038269104096387,22.912981772648987,0.10638003115741668,7.736174175296147e-07,1.584368471100651,1.0000000000981129
550.0,2.2217054076787313,3.5,18.14744632078677,0.6567555291285232,26.540976082725184,13.002631344439125,1.038269104096387,26.731812068090488,0.10638003115741668,7.736174175296147e-07,1.584368471100651,1.0000000000780667
550.0,2.2217054076787313,4.0,20.95988901470286,0.7193289873449035,30.257081988044053,1.039415819154377,1.038269104096387,30.550642363531985,0.10638003115741668,7.736174175296147e-07,1.584368471100651,0.9999999999492537
550.0,2.2217054076787313,4.5,23.825590383752626,0.7749836796709314,34.243784224166276,16.418674088901906,1.038269104096387,34.36947265897348,0.10638003115741668,7.736174175296147e-07,1.584368471100651,0.9999999998895271
550.0,2.2217054076787313,5.0,26.66275680405164,0.8238450600848142,38.06639923127,1.0409541483527813,1.038269104096387,38.188302954414986,0.10638003115741668,7.736174175296147e-07,1.584368471100651,1.0000000000112315
550.0,2.2217054076787313,5.5,29.46048282237692,0.8671798688085127,41.91689157393393,20.667301582176545,1.038269104096387,42.00713324985648,0.10638003115741668,7.736174175296147e-07,1.584368471100651,0.9999999998482118
550.0,2.2217054076787313,6.0,32.27360000245083,0.9067874207445757,45.74938076973549,22.371294866802838,1.038269104096387,45.825963545297974,0.10638003115741668,7.736174175296147e-07,1.584368471100651,1.000000000035954
650.0,2.2217054076787313,0.0,0.8916970781973648,-0.6518426477261804,1.1290769759790535,1.245877919512869,1.2270453048411845,0.0,0.12572185500421973,9.142751298077265e-07,1.8724354658462237,1.00000000028744
650.0,2.2217054076787313,0.5,2.1207357756550396,-0.2755734285743327,1.965187421061165,2.2676215953482513,1.2270453048411845,3.818830295441498,0.12572185500421973,9.142751298077265e-07,1.8724354658462237,1.0000000007468588
650.0,2.2217054076787313,1.0,4.412552031973877,0.042629848215997204,5.2613630888402865,3.3127596711376324,1.2270453048411845,7.637660590882996,0.12572185500421973,9.142751298077265e-07,1.8724354658462237,1.0000000002926923
650.0,2.2217054076787313,1.5,6.878613978822259,0.23544094661831097,7.8032768732236075,1.2278625914101442,1.2270453048411845,11.456490886324493,0.12572185500421973,9.142751298077265e-07,1.8724354658462237,1.000000000377156
650.0,2.2217054076787313,2.0,9.56527823094648,0.3786376158014105,10.643300690533072,7.315941286644506,1.2270453048411845,15.275321181765992,0.12572185500421973,9.142751298077265e-07,1.8724354658462237,0.9999999998432891
650.0,2.2217054076787313,2.5,12.314408754369284,0.4883535737810638,13.45771439992633,1.2259244903381457,1.2270453048411845,19.094151477207493,0.12572185500421973,9.142751298077265e-07,1.8724354658462237,1.0000000002856564
650.0,2.2217054076787313,3.0,15.029378694011328,0.5748810361425332,16.229469251369455,11.337214362095914,1.2270453048411845,22.912981772648987,0.12572185500421973,9.142751298077265e-07,1.8724354658462237,1.0000000002242146
650.0,2.2217054076787313,3.5,17.891328865430154,0.6505826073439624,18.94143534317542,3.258657620733616,1.2270453048411845,26.731812068090488,0.12572185500421973,9.142751298077265e-07,1.8724354658462237,0.9999999998130288
650.0,2.2217054076787313,4.0,20.650254877332145,0.7128654250100167,21.792150996723965,15.359460073672333,1.2270453048411845,30.550642363531985,0.12572185500421973,9.142751298077265e-07,1.8724354658462237,0.9999999997655488
650.0,2.2217054076787313,4.5,23.513836840228784,0.7692635090254846,24.50474807862175,16.384485291648204,1.2270453048411845,34.36947265897348,0.12572185500421973,9.142751298077265e-07,1.8724354658462237,1.0000000001533385
650.0,2.2217054076787313,5.0,26.342141048884443,0.8185910795228124,27.240414073608473,18.39301142449174,1.2270453048411845,38.188302954414986,0.12572185500421973,9.142751298077265e-07,1.8724354658462237,1.0000000000936502
650.0,2.2217054076787313,5.5,29.17459240106714,0.8629448058931669,30.030296491895236,20.403363075974678,1.2270453048411845,42.00713324985648,0.12572185500421973,9.142751298077265e-07,1.8724354658462237,1.0000000000396896
650.0,2.2217054076787313,6.0,32.022878548447785,0.9034003769023332,32.73275539417362,22.415299518671013,1.2270453048411845,45.825963545297974,0.12572185500421973,9.142751298077265e-07,1.8724354658462237,0.9999999999955647
450.0,2.455640192120709,0.0,0.5585193705053517,-0.8550217514632575,1.8026136490655362,0.7803624889514653,0.7685665771462333,0.0,0.07874657552727801,5.726612573422462e-07,1.1728102550369202,1.00000000028744
450.0,2.455640192120709,0.5,2.389894492645622,-0.2236812628790857,7.399213974853075,2.0581533655428212,0.7685665771462333,4.220934570336338,0.07874657552727801,5.726612573422462e-07,1.1728102550369202,0.99999999975682
450.0,2.455640192120709,1.0,5.22116149518332,0.11570713520630554,15.110647743605803,3.955069825260645,0.7685665771462333,8.441869140672676,0.07874657552727801,5.726612573422462e-07,1.1728102550369202,0.9999999994551912
450.0,2.455640192120709,1.5,8.18796382929327,0.3111159241508989,22.773886741661393,0.7699216031423111,0.7685665771462333,12.662803711009014,0.07874657552727801,5.726612573422462e-07,1.1728102550369202,0.9999999997818515
450.0,2.455640192120709,2.0,11.302511653392086,0.45111497215552226,30.446001629806986,0.7672230232242531,0.7685665771462333,16.88373828134535,0.07874657552727801,5.726612573422462e-07,1.1728102550369202,0.9999999994927523
450.0,2.455640192120709,2.5,14.395357930283948,0.5561624764422112,38.44062576178421,10.25768149180226,0.7685665771462333,21.10467285168169,0.07874657552727801,5.726612573422462e-07,1.1728102550369202,0.999999999985345
450.0,2.455640192120709,3.0,17.55331572934578,0.6422991731744666,46.014690789653166,12.152197224519647,0.7685665771462333,25.325607422018027,0.07874657552727801,5.726612573422462e-07,1.1728102550369202,0.9999999996814704
450.0,2.455640192120709,3.5,20.66799130376317,0.7132382788125253,53.64946381963753,14.669516221581652,0.7685665771462333,29.546541992354367,0.07874657552727801,5.726612573422462e-07,1.1728102550369202,0.9999999998306057
450.0,2.455640192120709,4.0,23.786239455753922,0.7742657952780588,61.53163068758379,16.55889242724685,0.7685665771462333,33.7674765626907,0.07874657552727801,5.726612573422462e-07,1.1728102550369202,0.9999999999448492
450.0,2.455640192120709,4.5,26.82111727137164,0.8264168737120394,69.05782609563022,0.7697641963458147,0.7685665771462333,37.98841113302704,0.07874657552727801,5.726612573422462e-07,1.1728102550369202,1.0000000001331304
450.0,2.455640192120709,5.0,29.810105945666592,0.8723035281980136,76.77244485773184,0.7683691468624421,0.7685665771462333,42.20934570336338,0.07874657552727801,5.726612573422462e-07,1.1728102550369202,0.9999999999876614
450.0,2.455640192120709,5.5,32.64886662328862,0.9118081183935423,84.60635644983677,23.49599763588594,0.7685665771462333,46.43028027369972,0.07874657552727801,5.726612573422462e-07,1.1728102550369202,1.0000000000875333
450.0,2.455640192120709,6.0,35.43204426953797,0.9473362185656976,92.2119946956049,25.39112054630971,0.7685665771462333,50.651214844036055,0.07874657552727801,5.726612573422462e-07,1.1728102550369202,1.0000000000768232
550.0,2.455640192120709,0.0,0.6826347861732075,-0.7678715757443575,1.4748657128718026,0.953776375385124,0.9393591498453963,0.0,0.09624581453333977,6.999193145294119e-07,1.4334347561562355,1.00000000028744
550.0,2.455640192120709,0.5,2.284739196888489,-0.24322335883306476,4.8429276433560196,1.7759483138506713,0.9393591498453963,4.220934570336338,0.09624581453333977,6.999193145294119e-07,1.4334347561562355,0.999999999046541
550.0,2.455640192120709,1.0,5.057925297865292,0.1019124194921145,9.891685247726466,0.9384668833940292,0.9393591498453963,8.441869140672676,0.09624581453333977,6.999193145294119e-07,1.4334347561562355,0.9999999998606524
550.0,2.455640192120709,1.5,8.01743853197854,0.3019756476404774,15.267906180226275,6.365667420752148,0.9393591498453963,12.662803711009014,0.09624581453333977,6.999193145294119e-07,1.4334347561562355,0.9999999998658703
550.0,2.455640192120709,2.0,11.050922823238219,0.4413385545941565,20.540667177300715,7.918847021836001,0.9393591498453963,16.88373828134535,0.09624581453333977,6.999193145294119e-07,1.4334347561562355,1.000000000537947
550.0,2.455640192120709,2.5,14.135098575159436,0.548238850185126,25.42617018036285,0.9397105479017783,0.9393591498453963,21.10467285168169,0.09624581453333977,6.999193145294119e-07,1.4334347561562355,1.000000000133892
550.0,2.455640192120709,3.0,17.250151729564138,0.6347329280826433,30.867455234087593,12.53332926716333,0.9393591498453963,25.325607422018027,0.09624581453333977,6.999193145294119e-07,1.4334347561562355,1.0000000001013238
550.0,2.455640192120709,3.5,20.380290051706133,0.7071503692530954,35.92951373449,14.840957743695368,0.9393591498453963,29.546541992354367,0.09624581453333977,6.999193145294119e-07,1.4334347561562355,0.9999999998358979
550.0,2.455640192120709,4.0,23.520018713326433,0.7693776716157292,41.00646832123014,0.9403540781217493,0.9393591498453963,33.7674765626907,0.09624581453333977,6.999193145294119e-07,1.4334347561562355,1.0000000002182716
550.0,2.455640192120709,4.5,26.640805750775133,0.8234873645991116,46.309312769727605,18.69831407750338,0.9393591498453963,37.98841113302704,0.09624581453333977,6.999193145294119e-07,1.4334347561562355,0.9999999999023953
550.0,2.455640192120709,5.0,29.732777598695776,0.8711754910165463,51.40636579522036,21.012854585205357,0.9393591498453963,42.20934570336338,0.09624581453333977,6.999193145294119e-07,1.4334347561562355,1.0000000001536868
550.0,2.455640192120709,5.5,32.78136555389867,0.9135670494309396,56.50185771460655,0.9408229066448844,0.9393591498453963,46.43028027369972,0.09624581453333977,6.999193145294119e-07,1.4334347561562355,1.0000000001331304
550.0,2.455640192120709,6.0,35.758612848548196,0.9513206719305448,61.792238124999024,24.87488611650226,0.9393591498453963,50.651214844036055,0.09624581453333977,6.999193145294119e-07,1.4334347561562355,1.0000000000446918
650.0,2.455640192120709,0.0,0.8067502018410634,-0.6953209085957458,1.2479632955069098,1.1271902618187828,1.1101517225445592,0.0,0.11374505353940154,8.271773717165778e-07,1.6940592572755513,1.00000000028744
650.0,2.455640192120709,0.5,2.338417762221517,-0.23313789013942143,3.1961964203097355,2.0605291688931406,1.1101517225445592,4.220934570336338,0.11374505353940154,8.271773717165778e-07,1.6940592572755513,1.000000001170994
650.0,2.455640192120709,1.0,4.921521045913105,0.09003935529234726,7.430308652230894,3.892202440473152,1.1101517225445592,8.441869140672676,0.11374505353940154,8.271773717165778e-07,1.6940592572755513,0.9999999997422488
650.0,2.455640192120709,1.5,7.827976447645342,0.2915895189802991,10.882221182053984,5.7237611724088415,1.1101517225445592,12.662803711009014,0.11374505353940154,8.271773717165778e-07,1.6940592572755513,0.9999999999998355
650.0,2.455640192120709,2.0,10.86950438800243,0.43414975087583235,14.610939053554924,7.556767511894622,1.1101517225445592,16.88373828134535,0.11374505353940154,8.271773717165778e-07,1.6940592572755513,1.000000000099087
650.0,2.455640192120709,2.5,13.885470562446535,0.5405006107425471,18.21497639637672,10.260142997211913,1.1101517225445592,21.10467285168169,0.11374505353940154,8.271773717165778e-07,1.6940592572755513,0.9999999996187324
650.0,2.455640192120709,3.0,16.972494267137733,0.6276856793252349,21.872658994718414,1.1113288148005496,1.1101517225445592,25.325607422018027,0.11374505353940154,8.271773717165778e-07,1.6940592572755513,0.9999999998286221
650.0,2.455640192120709,3.5,20.124460338825585,0.7016642517485849,25.745509719813416,14.809617785909792,1.1101517225445592,29.546541992354367,0.11374505353940154,8.271773717165778e-07,1.6940592572755513,0.9999999998366959
650.0,2.455640192120709,4.0,23.26549499415166,0.7646523056419793,29.39686540243373,15.749841407973927,1.1101517225445592,33.7674765626907,0.11374505353940154,8.271773717165778e-07,1.6940592572755513,1.0000000004057266
650.0,2.455640192120709,4.5,26.381734906546964,0.8192433607453493,33.178327095939935,18.45949109012756,1.1101517225445592,37.98841113302704,0.11374505353940154,8.271773717165778e-07,1.6940592572755513,0.9999999997881489
650.0,2.455640192120709,5.0,29.500093891291378,0.8677634069012126,36.778917624347585,21.185974084505915,1.1101517225445592,42.20934570336338,0.11374505353940154,8.271773717165778e-07,1.6940592572755513,0.9999999998475457
650.0,2.455640192120709,5.5,32.634370096229404,0.9116152430972665,40.41938949665438,1.109769045763891,1.1101517225445592,46.43028027369972,0.11374505353940154,8.271773717165778e-07,1.6940592572755513,0.9999999999461578
650.0,2.455640192120709,6.0,35.72344568544129,0.9508933505459358,44.12948016696133,24.839157416686273,1.1101517225445592,50.651214844036055,0.11374505353940154,8.271773717165778e-07,1.6940592572755513,1.0000000001366962
450.0,2.714207172704789,0.0,0.5053124271733964,-0.8985000123328227,1.9924201076395844,0.7060218216072763,0.6953496387971585,0.0,0.07124484004069247,5.181070974028226e-07,1.0610833354809805,1.00000000028744
450.0,2.714207172704789,0.5,2.683191921757732,-0.1734082535873151,10.222708205789134,2.429859503359354,0.6953496387971585,4.6653784716036055,0.07124484004069247,5.181070974028226e-07,1.0610833354809805,1.00000000042662
450.0,2.714207172704789,1.0,5.90735064419817,0.1693327588290802,20.509349965996805,4.711832799814225,0.6953496387971585,9.330756943207211,0.07124484004069247,5.181070974028226e-07,1.0610833354809805,1.0000000002458571
450.0,2.714207172704789,1.5,9.272562332762048,0.3651397701316889,30.94131066515363,6.994566836506553,0.6953496387971585,13.996135414810816,0.07124484004069247,5.181070974028226e-07,1.0610833354809805,0.9999999999036161
450.0,2.714207172704789,2.0,12.708071210331884,0.5020196484254748,41.49200011700314,9.277062902376116,0.6953496387971585,18.661513886414422,0.07124484004069247,5.181070974028226e-07,1.0610833354809805,0.9999999999637724
450.0,2.714207172704789,2.5,16.170476307713393,0.6066628210809153,51.90569114649644,11.558503496703155,0.6953496387971585,23.326892358018025,0.07124484004069247,5.181070974028226e-07,1.0610833354809805,1.0000000000332725
450.0,2.714207172704789,3.0,19.623610110113994,0.6907189152162617,62.25922626385137,13.840246149722985,0.6953496387971585,27.99227082962163,0.07124484004069247,5.181070974028226e-07,1.0610833354809805,1.000000000124829
450.0,2.714207172704789,3.5,23.02942141975942,0.7602230357651336,72.68375864498539,16.1280065712709,0.6953496387971585,32.657649301225234,0.07124484004069247,5.181070974028226e-07,1.0610833354809805,0.9999999998662188
450.0,2.714207172704789,4.0,26.349859406372534,0.8187183109834306,83.11412059120127,18.411553254006602,0.6953496387971585,37.323027772828844,0.07124484004069247,5.181070974028226e-07,1.0610833354809805,1.000000000054924
450.0,2.714207172704789,4.5,29.526579106539774,0.8681531420166154,93.47445612249957,21.257540226970768,0.6953496387971585,41.98840624443245,0.07124484004069247,5.181070974028226e-07,1.0610833354809805,1.0000000000094602
450.0,2.714207172704789,5.0,32.59222536477781,0.911054023345463,103.82758333164037,23.57225841157876,0.6953496387971585,46.65378471603605,0.07124484004069247,5.181070974028226e-07,1.0610833354809805,0.999999999983377
450.0,2.714207172704789,5.5,35.699756752643246,0.9506052656429234,114.22599192523852,25.8471732729297,0.6953496387971585,51.31916318763966,0.07124484004069247,5.181070974028226e-07,1.0610833354809805,1.0000000000499034
450.0,2.714207172704789,6.0,38.91294214377689,0.9880340770111566,124.6110237194113,28.151388280221806,0.6953496387971585,55.98454165924326,0.07124484004069247,5.181070974028226e-07,1.0610833354809805,0.9999999999106243
550.0,2.714207172704789,0.0,0.6176040776563733,-0.8113498366139227,1.6301619062505694,0.8629155597422263,0.8498717807520825,0.0,0.08707702671640188,6.332420079367831e-07,1.2968796322545317,1.00000000028744
550.0,2.714207172704789,0.5,2.640918957580304,-0.18030491720006378,6.688865226971267,2.2758519185551256,0.8498717807520825,4.6653784716036055,0.08707702671640188,6.332420079367831e-07,1.2968796322545317,1.000000000395248
550.0,2.714207172704789,1.0,5.771018095746008,0.1591924447672739,13.658221555383639,4.373398666223123,0.8498717807520825,9.330756943207211,0.08707702671640188,6.332420079367831e-07,1.2968796322545317,1.0000000001482097
550.0,2.714207172704789,1.5,9.049369537942711,0.3545583319954472,20.58416080992007,0.8513539348937952,0.8498717807520825,13.996135414810816,0.08707702671640188,6.332420079367831e-07,1.2968796322545317,1.000000000395376
550.0,2.714207172704789,2.0,12.492486570771977,0.4945888999271254,27.523225841473955,0.8483147795209252,0.8498717807520825,18.661513886414422,0.08707702671640188,6.332420079367831e-07,1.2968796322545317,0.9999999997148222
550.0,2.714207172704789,2.5,15.910218799897986,0.5996161608475282,34.7480746252782,11.342723774302803,0.8498717807520825,23.326892358018025,0.08707702671640188,6.332420079367831e-07,1.2968796322545317,0.9999999997826703
550.0,2.714207172704789,3.0,19.40132431934402,0.6857713842184223,41.59101222049406,13.437599791802135,0.8498717807520825,27.99227082962163,0.08707702671640188,6.332420079367831e-07,1.2968796322545317,1.0000000000506204
550.0,2.714207172704789,3.5,22.843565388694785,0.7567038975537076,48.49736993938318,16.221265685280244,0.8498717807520825,32.657649301225234,0.08707702671640188,6.332420079367831e-07,1.2968796322545317,0.9999999999116617
550.0,2.714207172704789,4.0,26.29084363962687,0.8177445309577894,55.620595390396495,18.31050363647613,0.8498717807520825,37.323027772828844,0.08707702671640188,6.332420079367831e-07,1.2968796322545317,1.0000000002342433
550.0,2.714207172704789,4.5,29.64455002351626,0.8698848712198769,62.419657444051815,0.8511739155647563,0.8498717807520825,41.98840624443245,0.08707702671640188,6.332420079367831e-07,1.2968796322545317,0.9999999999333617
550.0,2.714207172704789,5.0,32.94989828523815,0.9157940869578179,69.4002069998942,0.8495560878191684,0.8498717807520825,46.65378471603605,0.08707702671640188,6.332420079367831e-07,1.2968796322545317,1.0000000000737925
550.0,2.714207172704789,5.5,36.088041130215274,0.9553033177355155,76.4791004638633,25.981438055186487,0.8498717807520825,51.31916318763966,0.08707702671640188,6.332420079367831e-07,1.2968796322545317,1.0000000000094602
550.0,2.714207172704789,6.0,39.16272926721803,0.9908129590245179,83.34980216451855,28.07704001495563,0.8498717807520825,55.98454165924326,0.08707702671640188,6.332420079367831e-07,1.2968796322545317,0.9999999999047656
650.0,2.714207172704789,0.0,0.7298957281393502,-0.738799169465311,1.3793677668274047,1.0198092978771767,1.0043939227070064,0.0,0.10290921339211132,7.483769184707437e-07,1.532675929028083,1.00000000028744
650.0,2.714207172704789,0.5,2.5191868925807768,-0.20079960334327043,4.744836503549446,2.681891491781025,1.0043939227070064,4.6653784716036055,0.10290921339211132,7.483769184707437e-07,1.532675929028083,0.9999999996741642
650.0,2.714207172704789,1.0,5.599074968849687,0.14605629119466224,9.490272175969771,1.0048752232700882,1.0043939227070064,9.330756943207211,0.10290921339211132,7.483769184707437e-07,1.532675929028083,0.9999999997872819
650.0,2.714207172704789,1.5,8.856895676633743,0.3452215379237178,14.849772992093426,6.809973970682056,1.0043939227070064,13.996135414810816,0.10290921339211132,7.483769184707437e-07,1.532675929028083,1.0000000006990588
650.0,2.714207172704789,2.0,12.235490837704527,0.4855614048225194,19.74783697621456,9.279396789371566,1.0043939227070064,18.661513886414422,0.10290921339211132,7.483769184707437e-07,1.532675929028083,0.9999999997080202
650.0,2.714207172704789,2.5,15.664288586610438,0.5928506843069142,24.697969824738298,1.0062337890087922,1.0043939227070064,23.326892358018025,0.10290921339211132,7.483769184707437e-07,1.532675929028083,1.0000000000170337
650.0,2.714207172704789,3.0,19.138722776156595,0.6798529604108973,29.812321445504594,13.409617047444845,1.0043939227070064,27.99227082962163,0.10290921339211132,7.483769184707437e-07,1.532675929028083,1.000000000041685
650.0,2.714207172704789,3.5,22.621768857400603,0.7524665692514634,34.68395046375046,15.87620066135008,1.0043939227070064,32.657649301225234,0.10290921339211132,7.483769184707437e-07,1.532675929028083,1.000000000462167
650.0,2.714207172704789,4.0,26.081082245769544,0.814265617342884,39.78452091790859,18.34639966640884,1.0043939227070064,37.323027772828844,0.10290921339211132,7.483769184707437e-07,1.532675929028083,0.9999999998638599
650.0,2.714207172704789,4.5,29.512599247855775,0.8679474692492447,44.65719084627029,1.0039660099314434,1.0043939227070064,41.98840624443245,0.10290921339211132,7.483769184707437e-07,1.532675929028083,1.0000000000790805
650.0,2.714207172704789,5.0,32.90846869271117,0.9152476827081831,49.727545573160064,22.481634361857335,1.0043939227070064,46.65378471603605,0.10290921339211132,7.483769184707437e-07,1.532675929028083,1.0000000002721565
650.0,2.714207172704789,5.5,36.241374321415215,0.9571446670170443,54.70814123721126,25.75716800841909,1.0043939227070064,51.31916318763966,0.10290921339211132,7.483769184707437e-07,1.532675929028083,1.0000000000631404
650.0,2.714207172704789,6.0,39.49921256762236,0.9945284465530501,59.606434351544095,1.005736315590642,1.0043939227070064,55.98454165924326,0.10290921339211132,7.483769184707437e-07,1.532675929028083,1.000000000055088
450.0,3.0000000000000004,0.0,0.457174204763633,-0.9419782732023879,2.202212264055818,0.6387631640975234,0.6291076590536439,0.0,0.06445775195221762,4.6874999999999996e-07,0.9599999999999999,1.00000000028744
450.0,3.0000000000000004,0.5,3.089230208439014,-0.11220971833583994,13.976190419213829,2.714084404654822,0.6291076590536439,5.156620156177411,0.06445775195221762,4.6874999999999996e-07,0.9599999999999999,1.0000000003605771
450.0,3.0000000000000004,1.0,6.6626335523644515,0.2215859362186524,27.6530462118782,0.6300864031295279,0.6291076590536439,10.313240312354822,0.06445775195221762,4.6874999999999996e-07,0.9599999999999999,1.000000000126608
450.0,3.0000000000000004,1.5,10.456622427915832,0.4173314352877343,42.02200374906434,7.367427060053075,0.6291076590536439,15.469860468532232,0.06445775195221762,4.6874999999999996e-07,0.9599999999999999,1.0000000000277725
450.0,3.0000000000000004,2.0,14.293973266472332,0.5530929741918797,55.889777120875735,9.945912080013882,0.6291076590536439,20.626480624709643,0.06445775195221762,4.6874999999999996e-07,0.9599999999999999,1.0000000000070646
450.0,3.0000000000000004,2.5,18.105212604805768,0.6557436376622316,70.03754493578194,12.525690795654095,0.6291076590536439,25.78310078088705,0.06445775195221762,4.6874999999999996e-07,0.9599999999999999,0.9999999999505692
450.0,3.0000000000000004,3.0,21.840088490926256,0.7371944023678835,83.8948649216234,0.629910636001841,0.6291076590536439,30.939720937064465,0.06445775195221762,4.6874999999999996e-07,0.9599999999999999,1.0000000000935394
450.0,3.0000000000000004,3.5,25.455871667470383,0.803727981539835,98.10478523607958,18.202758225871182,0.6291076590536439,36.09634109324187,0.06445775195221762,4.6874999999999996e-07,0.9599999999999999,1.0000000000919431
450.0,3.0000000000000004,4.0,28.858018839615553,0.8582065212730202,112.04693409942253,20.782564024048174,0.6291076590536439,41.252961249419286,0.06445775195221762,4.6874999999999996e-07,0.9599999999999999,0.9999999998934117
450.0,3.0000000000000004,4.5,32.28542710103869,0.9069465446949061,126.20152834340232,23.383934682474052,0.6291076590536439,46.40958140559669,0.06445775195221762,4.6874999999999996e-07,0.9599999999999999,0.9999999999196532
450.0,3.0000000000000004,5.0,35.83912426072692,0.9522973976816406,140.1227392978374,0.6301811166485626,0.6291076590536439,51.5662015617741,0.06445775195221762,4.6874999999999996e-07,0.9599999999999999,0.9999999999773516
450.0,3.0000000000000004,5.5,39.530774527026935,0.9948753322363233,154.28072824668442,28.559820659748592,0.6291076590536439,56.72282171795151,0.06445775195221762,4.6874999999999996e-07,0.9599999999999999,0.9999999999359901
450.0,3.0000000000000004,6.0,43.29245625957245,1.034352235504283,168.2307640179938,31.159151964647904,0.6291076590536439,61.87944187412893,0.06445775195221762,4.6874999999999996e-07,0.9599999999999999,0.9999999999847342
550.0,3.0000000000000004,0.0,0.5587684724888847,-0.8548280974834879,1.8018100342274872,0.780710533896973,0.7689093610655647,0.0,0.07878169683048819,5.729166666666667e-07,1.1733333333333333,1.00000000028744
550.0,3.0000000000000004,0.5,2.965798188456349,-0.12991839575552647,9.239327717413348,2.6868921721417456,0.7689093610655647,5.156620156177411,0.07878169683048819,5.729166666666667e-07,1.1733333333333333,1.0000000000704834
550.0,3.0000000000000004,1.0,6.5293160061548505,0.2128076967906957,18.53699449178089,5.210259502490373,0.7689093610655647,10.313240312354822,0.07878169683048819,5.729166666666667e-07,1.1733333333333333,1.0000000003683076
550.0,3.0000000000000004,1.5,10.248650506177805,0.40860669198531124,27.966766743160846,7.734464526591926,0.7689093610655647,15.469860468532232,0.07878169683048819,5.729166666666667e-07,1.1733333333333333,1.000000000004209
550.0,3.0000000000000004,2.0,14.045885237804113,0.5454891243547535,37.50400034430855,10.258404969975514,0.7689093610655647,20.626480624709643,0.07878169683048819,5.729166666666667e-07,1.1733333333333333,0.9999999996406479
550.0,3.0000000000000004,2.5,17.87321688293419,0.6501427340246081,46.91751324522383,12.78117881988349,0.7689093610655647,25.78310078088705,0.07878169683048819,5.729166666666667e-07,1.1733333333333333,0.9999999999469948
550.0,3.0000000000000004,3.0,21.689428700582237,0.734188121522918,56.275917717200734,15.304281054024203,0.7689093610655647,30.939720937064465,0.07878169683048819,5.729166666666667e-07,1.1733333333333333,1.0000000001170741
550.0,3.0000000000000004,3.5,25.453929457829375,0.8036948448584278,65.70102731074606,17.834038366948658,0.7689093610655647,36.09634109324187,0.07878169683048819,5.729166666666667e-07,1.1733333333333333,0.9999999999421961
550.0,3.0000000000000004,4.0,29.124405288530937,0.8621970746358532,75.13016723443343,20.359093564442002,0.7689093610655647,41.252961249419286,0.07878169683048819,5.729166666666667e-07,1.1733333333333333,1.0000000000622637
550.0,3.0000000000000004,4.5,32.636912271677375,0.9116490727610816,84.49519165483339,23.50619746316982,0.7689093610655647,46.40958140559669,0.07878169683048819,5.729166666666667e-07,1.1733333333333333,1.0000000001374103
550.0,3.0000000000000004,5.0,36.026457549037495,0.9545615690865566,93.85556721240592,26.06386103120647,0.7689093610655647,51.5662015617741,0.07878169683048819,5.729166666666667e-07,1.1733333333333333,0.9999999999270831
550.0,3.0000000000000004,5.5,39.45996645682506,0.9940967204138061,103.25579591732915,28.580364611912728,0.7689093610655647,56.72282171795151,0.07878169683048819,5.729166666666667e-07,1.1733333333333333,0.9999999999196532
550.0,3.0000000000000004,6.0,43.00984296766255,1.0315078655855312,112.64396856911998,31.1275594619182,0.7689093610655647,61.87944187412893,0.07878169683048819,5.729166666666667e-07,1.1733333333333333,1.0000000000426328
650.0,3.0000000000000004,0.0,0.6603627402141364,-0.7822774303348762,1.5246084905001815,0.9226579036964226,0.9087110630774855,0.0,0.09310564170875876,6.770833333333332e-07,1.3866666666666665,1.00000000028744
650.0,3.0000000000000004,0.5,2.9644447186807903,-0.1301166353468413,6.438025412760672,2.436175831869785,0.9087110630774855,5.156620156177411,0.09310564170875876,6.770833333333332e-07,1.3866666666666665,0.9999999996132588
650.0,3.0000000000000004,1.0,6.373050455512971,0.2022873654798689,13.228013192067419,4.683594062718565,0.9087110630774855,10.313240312354822,0.09310564170875876,6.770833333333332e-07,1.3866666666666665,1.000000000131232
650.0,3.0000000000000004,1.5,10.076883345262143,0.4012662396654191,20.04569273175446,0.9127337298962005,0.9087110630774855,15.469860468532232,0.09310564170875876,6.770833333333332e-07,1.3866666666666665,0.9999999997361897
650.0,3.0000000000000004,2.0,13.819676681576963,0.5384378912869499,26.572330000175068,0.9094865304074627,0.9087110630774855,20.626480624709643,0.09310564170875876,6.770833333333332e-07,1.3866666666666665,1.0000000001094431
650.0,3.0000000000000004,2.5,17.670529699989295,0.6451895769866343,33.43163756435979,2.4122764738617533,0.9087110630774855,25.78310078088705,0.09310564170875876,6.770833333333332e-07,1.3866666666666665,0.999999999905031
650.0,3.0000000000000004,3.0,21.46973855307547,0.7297667645359539,40.336961815114954,15.108557693574456,0.9087110630774855,30.939720937064465,0.09310564170875876,6.770833333333332e-07,1.3866666666666665,1.0000000001433547
650.0,3.0000000000000004,3.5,25.303199427088348,0.8011154470683991,46.94211297637973,17.35687966504073,0.9087110630774855,36.09634109324187,0.09310564170875876,6.770833333333332e-07,1.3866666666666665,0.9999999999458051
650.0,3.0000000000000004,4.0,29.087994816425383,0.8616537928212387,53.64524875473556,20.33030091833035,0.9087110630774855,41.252961249419286,0.09310564170875876,6.770833333333332e-07,1.3866666666666665,1.0000000001288474
650.0,3.0000000000000004,4.5,32.77448514362464,0.913475886729383,60.44302556072129,23.3032960561411,0.9087110630774855,46.40958140559669,0.09310564170875876,6.770833333333332e-07,1.3866666666666665,1.0000000000822178
650.0,3.0000000000000004,5.0,36.38145654576159,0.9588200908960428,67.17967431130022,26.28984094372422,0.9087110630774855,51.5662015617741,0.09310564170875876,6.770833333333332e-07,1.3866666666666665,1.0000000000763043
650.0,3.0000000000000004,5.5,39.81770854618279,0.9980162720383906,73.84211158645277,0.9101095355501372,0.9087110630774855,56.72282171795151,0.09310564170875876,6.770833333333332e-07,1.3866666666666665,0.9999999999682154
650.0,3.0000000000000004,6.0,43.18960506301276,1.0333192414359413,80.5348902940884,0.9088876213988436,0.9087110630774855,61.87944187412893,0.09310564170875876,6.770833333333332e-07,1.3866666666666665,1.000000000043431
